source;network;scenario_line_data;procedure;routing_agg;waiting_time_frequency;gap;time_limit;travel_time_cost_mult;waiting_time_cost_mult;line_operation_cost_mult;cost_repl_freq;cost_repl_line;repl_budget;bypass_multiplier;overdemand_threshold;overdemand_multiplier;num_od;train_capacity;infrastructure_capacity;max_frequency;threads;demand_scale;scenario_infra_id;scenario_prob_id;case_k;case_per_run;case_variants;case_selection;case_p_fail;case_id;case_sweep_row;case_variant_idx;case_edges;case_lines
lintim;SiouxFalls;SiouxFalls;bounds;True;False;1e-05;12000;1;2;20;10;50;-5;50;0.75;2;50;50;10;10;16;2.7866;1000;1000;1;1;30;line_consecutive;0.5;1000;0;0;12-13;12
lintim;SiouxFalls;SiouxFalls;bounds;True;False;1e-05;12000;1;2;20;10;50;-5;50;0.75;2;50;50;10;10;16;2.7866;1001;1001;1;1;30;line_consecutive;0.5;1001;0;1;20-21;6
lintim;SiouxFalls;SiouxFalls;bounds;True;False;1e-05;12000;1;2;20;10;50;-5;50;0.75;2;50;50;10;10;16;2.7866;1002;1002;1;1;30;line_consecutive;0.5;1002;0;2;14-23;4,10
lintim;SiouxFalls;SiouxFalls;bounds;True;False;1e-05;12000;1;2;20;10;50;-5;50;0.75;2;50;50;10;10;16;2.7866;1003;1003;1;1;30;line_consecutive;0.5;1003;0;3;22-23;5
lintim;SiouxFalls;SiouxFalls;bounds;True;False;1e-05;12000;1;2;20;10;50;-5;50;0.75;2;50;50;10;10;16;2.7866;1004;1004;1;1;30;line_consecutive;0.5;1004;0;4;11-14;4,8,10
lintim;SiouxFalls;SiouxFalls;bounds;True;False;1e-05;12000;1;2;20;10;50;-5;50;0.75;2;50;50;10;10;16;2.7866;1005;1005;1;1;30;line_consecutive;0.5;1005;0;5;4-5;3
lintim;SiouxFalls;SiouxFalls;bounds;True;False;1e-05;12000;1;2;20;10;50;-5;50;0.75;2;50;50;10;10;16;2.7866;1006;1006;1;1;30;line_consecutive;0.5;1006;0;6;1-2;12
lintim;SiouxFalls;SiouxFalls;bounds;True;False;1e-05;12000;1;2;20;10;50;-5;50;0.75;2;50;50;10;10;16;2.7866;1007;1007;1;1;30;line_consecutive;0.5;1007;0;7;4-11;4
lintim;SiouxFalls;SiouxFalls;bounds;True;False;1e-05;12000;1;2;20;10;50;-5;50;0.75;2;50;50;10;10;16;2.7866;1008;1008;1;1;30;line_consecutive;0.5;1008;0;8;16-17;2,13
lintim;SiouxFalls;SiouxFalls;bounds;True;False;1e-05;12000;1;2;20;10;50;-5;50;0.75;2;50;50;10;10;16;2.7866;1009;1009;1;1;30;line_consecutive;0.5;1009;0;9;10-11;1,7,10
lintim;SiouxFalls;SiouxFalls;bounds;True;False;1e-05;12000;1;2;20;10;50;-5;50;0.75;2;50;50;10;10;16;2.7866;1010;1010;1;1;30;line_consecutive;0.5;1010;0;10;7-18;3,11
lintim;SiouxFalls;SiouxFalls;bounds;True;False;1e-05;12000;1;2;20;10;50;-5;50;0.75;2;50;50;10;10;16;2.7866;1011;1011;1;1;30;line_consecutive;0.5;1011;0;11;13-24;6
lintim;SiouxFalls;SiouxFalls;bounds;True;False;1e-05;12000;1;2;20;10;50;-5;50;0.75;2;50;50;10;10;16;2.7866;1012;1012;1;1;30;line_consecutive;0.5;1012;0;12;1-3;4,8,12
lintim;SiouxFalls;SiouxFalls;bounds;True;False;1e-05;12000;1;2;20;10;50;-5;50;0.75;2;50;50;10;10;16;2.7866;1013;1013;1;1;30;line_consecutive;0.5;1013;0;13;18-20;11
lintim;SiouxFalls;SiouxFalls;bounds;True;False;1e-05;12000;1;2;20;10;50;-5;50;0.75;2;50;50;10;10;16;2.7866;1014;1014;1;1;30;line_consecutive;0.5;1014;0;14;23-24;4
lintim;SiouxFalls;SiouxFalls;bounds;True;False;1e-05;12000;1;2;20;10;50;-5;50;0.75;2;50;50;10;10;16;2.7866;1015;1015;1;1;30;line_consecutive;0.5;1015;0;15;21-24;6
lintim;SiouxFalls;SiouxFalls;bounds;True;False;1e-05;12000;1;2;20;10;50;-5;50;0.75;2;50;50;10;10;16;2.7866;1016;1016;1;1;30;line_consecutive;0.5;1016;0;16;17-19;2,13,14
lintim;SiouxFalls;SiouxFalls;bounds;True;False;1e-05;12000;1;2;20;10;50;-5;50;0.75;2;50;50;10;10;16;2.7866;1017;1017;1;1;30;line_consecutive;0.5;1017;0;17;21-22;13
lintim;SiouxFalls;SiouxFalls;bounds;True;False;1e-05;12000;1;2;20;10;50;-5;50;0.75;2;50;50;10;10;16;2.7866;1018;1018;1;1;30;line_consecutive;0.5;1018;0;18;16-18;1
lintim;SiouxFalls;SiouxFalls;bounds;True;False;1e-05;12000;1;2;20;10;50;-5;50;0.75;2;50;50;10;10;16;2.7866;1019;1019;1;1;30;line_consecutive;0.5;1019;0;19;5-9;3,9
lintim;SiouxFalls;SiouxFalls;bounds;True;False;1e-05;12000;1;2;20;10;50;-5;50;0.75;2;50;50;10;10;16;2.7866;1020;1020;1;1;30;line_consecutive;0.5;1020;0;20;19-20;2
lintim;SiouxFalls;SiouxFalls;bounds;True;False;1e-05;12000;1;2;20;10;50;-5;50;0.75;2;50;50;10;10;16;2.7866;1021;1021;1;1;30;line_consecutive;0.5;1021;0;21;8-9;3,7
lintim;SiouxFalls;SiouxFalls;bounds;True;False;1e-05;12000;1;2;20;10;50;-5;50;0.75;2;50;50;10;10;16;2.7866;1022;1022;1;1;30;line_consecutive;0.5;1022;0;22;10-15;5,9
lintim;SiouxFalls;SiouxFalls;bounds;True;False;1e-05;12000;1;2;20;10;50;-5;50;0.75;2;50;50;10;10;16;2.7866;1023;1023;1;1;30;line_consecutive;0.5;1023;0;23;2-6;2
lintim;SiouxFalls;SiouxFalls;bounds;True;False;1e-05;12000;1;2;20;10;50;-5;50;0.75;2;50;50;10;10;16;2.7866;1024;1024;1;1;30;line_consecutive;0.5;1024;0;24;6-8;2
lintim;SiouxFalls;SiouxFalls;bounds;True;False;1e-05;12000;1;2;20;10;50;-5;50;0.75;2;50;50;10;10;16;2.7866;1025;1025;1;1;30;line_consecutive;0.5;1025;0;25;15-19;9,13,14
lintim;SiouxFalls;SiouxFalls;bounds;True;False;1e-05;12000;1;2;20;10;50;-5;50;0.75;2;50;50;10;10;16;2.7866;1026;1026;1;1;30;line_consecutive;0.5;1026;0;26;9-10;7,9
lintim;SiouxFalls;SiouxFalls;bounds;True;False;1e-05;12000;1;2;20;10;50;-5;50;0.75;2;50;50;10;10;16;2.7866;1027;1027;1;1;30;line_consecutive;0.5;1027;0;27;14-15;14
lintim;SiouxFalls;SiouxFalls;bounds;True;False;1e-05;12000;1;2;20;10;50;-5;50;0.75;2;50;50;10;10;16;2.7866;1028;1028;1;1;30;line_consecutive;0.5;1028;0;28;15-22;5,13
lintim;SiouxFalls;SiouxFalls;bounds;True;False;1e-05;12000;1;2;20;10;50;-5;50;0.75;2;50;50;10;10;16;2.7866;1029;1029;1;1;30;line_consecutive;0.5;1029;0;29;10-17;14
lintim;SiouxFalls;SiouxFalls;bounds;True;False;1e-05;12000;1;2;20;10;50;-5;50;0.75;2;50;50;10;10;16;2.7866;1030;1030;2;1;30;line_consecutive;0.5;1030;1;0;9-10,10-15;9
lintim;SiouxFalls;SiouxFalls;bounds;True;False;1e-05;12000;1;2;20;10;50;-5;50;0.75;2;50;50;10;10;16;2.7866;1031;1031;2;1;30;line_consecutive;0.5;1031;1;1;13-24,21-24;6
lintim;SiouxFalls;SiouxFalls;bounds;True;False;1e-05;12000;1;2;20;10;50;-5;50;0.75;2;50;50;10;10;16;2.7866;1032;1032;2;1;30;line_consecutive;0.5;1032;1;2;10-15,15-22;5
lintim;SiouxFalls;SiouxFalls;bounds;True;False;1e-05;12000;1;2;20;10;50;-5;50;0.75;2;50;50;10;10;16;2.7866;1033;1033;2;1;30;line_consecutive;0.5;1033;1;3;8-9,9-10;7
lintim;SiouxFalls;SiouxFalls;bounds;True;False;1e-05;12000;1;2;20;10;50;-5;50;0.75;2;50;50;10;10;16;2.7866;1034;1034;2;1;30;line_consecutive;0.5;1034;1;4;15-19,17-19;13,14
lintim;SiouxFalls;SiouxFalls;bounds;True;False;1e-05;12000;1;2;20;10;50;-5;50;0.75;2;50;50;10;10;16;2.7866;1035;1035;2;1;30;line_consecutive;0.5;1035;1;5;17-19,19-20;2
lintim;SiouxFalls;SiouxFalls;bounds;True;False;1e-05;12000;1;2;20;10;50;-5;50;0.75;2;50;50;10;10;16;2.7866;1036;1036;2;1;30;line_consecutive;0.5;1036;1;6;2-6,6-8;2
lintim;SiouxFalls;SiouxFalls;bounds;True;False;1e-05;12000;1;2;20;10;50;-5;50;0.75;2;50;50;10;10;16;2.7866;1037;1037;2;1;30;line_consecutive;0.5;1037;1;7;8-16,10-16;10
lintim;SiouxFalls;SiouxFalls;bounds;True;False;1e-05;12000;1;2;20;10;50;-5;50;0.75;2;50;50;10;10;16;2.7866;1038;1038;2;1;30;line_consecutive;0.5;1038;1;8;5-9,8-9;3
lintim;SiouxFalls;SiouxFalls;bounds;True;False;1e-05;12000;1;2;20;10;50;-5;50;0.75;2;50;50;10;10;16;2.7866;1039;1039;2;1;30;line_consecutive;0.5;1039;1;9;8-16,16-17;2,13
lintim;SiouxFalls;SiouxFalls;bounds;True;False;1e-05;12000;1;2;20;10;50;-5;50;0.75;2;50;50;10;10;16;2.7866;1040;1040;2;1;30;line_consecutive;0.5;1040;1;10;14-15,15-19;14
lintim;SiouxFalls;SiouxFalls;bounds;True;False;1e-05;12000;1;2;20;10;50;-5;50;0.75;2;50;50;10;10;16;2.7866;1041;1041;2;1;30;line_consecutive;0.5;1041;1;11;15-22,22-23;5
lintim;SiouxFalls;SiouxFalls;bounds;True;False;1e-05;12000;1;2;20;10;50;-5;50;0.75;2;50;50;10;10;16;2.7866;1042;1042;2;1;30;line_consecutive;0.5;1042;1;12;9-10,10-11;7
lintim;SiouxFalls;SiouxFalls;bounds;True;False;1e-05;12000;1;2;20;10;50;-5;50;0.75;2;50;50;10;10;16;2.7866;1043;1043;2;1;30;line_consecutive;0.5;1043;1;13;10-11,10-16;1,10
lintim;SiouxFalls;SiouxFalls;bounds;True;False;1e-05;12000;1;2;20;10;50;-5;50;0.75;2;50;50;10;10;16;2.7866;1044;1044;2;1;30;line_consecutive;0.5;1044;1;14;10-16,16-18;1
lintim;SiouxFalls;SiouxFalls;bounds;True;False;1e-05;12000;1;2;20;10;50;-5;50;0.75;2;50;50;10;10;16;2.7866;1045;1045;2;1;30;line_consecutive;0.5;1045;1;15;1-2,1-3;12
lintim;SiouxFalls;SiouxFalls;bounds;True;False;1e-05;12000;1;2;20;10;50;-5;50;0.75;2;50;50;10;10;16;2.7866;1046;1046;2;1;30;line_consecutive;0.5;1046;1;16;1-3,3-4;4
lintim;SiouxFalls;SiouxFalls;bounds;True;False;1e-05;12000;1;2;20;10;50;-5;50;0.75;2;50;50;10;10;16;2.7866;1047;1047;2;1;30;line_consecutive;0.5;1047;1;17;16-17,17-19;2,13
lintim;SiouxFalls;SiouxFalls;bounds;True;False;1e-05;12000;1;2;20;10;50;-5;50;0.75;2;50;50;10;10;16;2.7866;1048;1048;2;1;30;line_consecutive;0.5;1048;1;18;10-15,15-19;9
lintim;SiouxFalls;SiouxFalls;bounds;True;False;1e-05;12000;1;2;20;10;50;-5;50;0.75;2;50;50;10;10;16;2.7866;1049;1049;2;1;30;line_consecutive;0.5;1049;1;19;5-6,5-9;9
lintim;SiouxFalls;SiouxFalls;bounds;True;False;1e-05;12000;1;2;20;10;50;-5;50;0.75;2;50;50;10;10;16;2.7866;1050;1050;2;1;30;line_consecutive;0.5;1050;1;20;10-17,17-19;14
lintim;SiouxFalls;SiouxFalls;bounds;True;False;1e-05;12000;1;2;20;10;50;-5;50;0.75;2;50;50;10;10;16;2.7866;1051;1051;2;1;30;line_consecutive;0.5;1051;1;21;14-23,23-24;4
lintim;SiouxFalls;SiouxFalls;bounds;True;False;1e-05;12000;1;2;20;10;50;-5;50;0.75;2;50;50;10;10;16;2.7866;1052;1052;2;1;30;line_consecutive;0.5;1052;1;22;15-19,15-22;13
lintim;SiouxFalls;SiouxFalls;bounds;True;False;1e-05;12000;1;2;20;10;50;-5;50;0.75;2;50;50;10;10;16;2.7866;1053;1053;2;1;30;line_consecutive;0.5;1053;1;23;18-20,20-22;11
lintim;SiouxFalls;SiouxFalls;bounds;True;False;1e-05;12000;1;2;20;10;50;-5;50;0.75;2;50;50;10;10;16;2.7866;1054;1054;2;1;30;line_consecutive;0.5;1054;1;24;4-5,5-9;3
lintim;SiouxFalls;SiouxFalls;bounds;True;False;1e-05;12000;1;2;20;10;50;-5;50;0.75;2;50;50;10;10;16;2.7866;1055;1055;2;1;30;line_consecutive;0.5;1055;1;25;10-11,11-12;1,7
lintim;SiouxFalls;SiouxFalls;bounds;True;False;1e-05;12000;1;2;20;10;50;-5;50;0.75;2;50;50;10;10;16;2.7866;1056;1056;2;1;30;line_consecutive;0.5;1056;1;26;20-21,21-24;6
lintim;SiouxFalls;SiouxFalls;bounds;True;False;1e-05;12000;1;2;20;10;50;-5;50;0.75;2;50;50;10;10;16;2.7866;1057;1057;2;1;30;line_consecutive;0.5;1057;1;27;7-8,8-9;3,7
lintim;SiouxFalls;SiouxFalls;bounds;True;False;1e-05;12000;1;2;20;10;50;-5;50;0.75;2;50;50;10;10;16;2.7866;1058;1058;2;1;30;line_consecutive;0.5;1058;1;28;3-4,4-5;3
lintim;SiouxFalls;SiouxFalls;bounds;True;False;1e-05;12000;1;2;20;10;50;-5;50;0.75;2;50;50;10;10;16;2.7866;1059;1059;2;1;30;line_consecutive;0.5;1059;1;29;3-4,4-11;4
lintim;SiouxFalls;SiouxFalls;bounds;True;False;1e-05;12000;1;2;20;10;500;-5;50;0.75;2;50;50;10;10;16;2.7866;1060;1060;1;1;30;line_consecutive;0.5;1060;2;0;16-17;2,13
lintim;SiouxFalls;SiouxFalls;bounds;True;False;1e-05;12000;1;2;20;10;500;-5;50;0.75;2;50;50;10;10;16;2.7866;1061;1061;1;1;30;line_consecutive;0.5;1061;2;1;6-8;2
lintim;SiouxFalls;SiouxFalls;bounds;True;False;1e-05;12000;1;2;20;10;500;-5;50;0.75;2;50;50;10;10;16;2.7866;1062;1062;1;1;30;line_consecutive;0.5;1062;2;2;19-20;2
lintim;SiouxFalls;SiouxFalls;bounds;True;False;1e-05;12000;1;2;20;10;500;-5;50;0.75;2;50;50;10;10;16;2.7866;1063;1063;1;1;30;line_consecutive;0.5;1063;2;3;7-8;3,7,11
lintim;SiouxFalls;SiouxFalls;bounds;True;False;1e-05;12000;1;2;20;10;500;-5;50;0.75;2;50;50;10;10;16;2.7866;1064;1064;1;1;30;line_consecutive;0.5;1064;2;4;21-22;13
lintim;SiouxFalls;SiouxFalls;bounds;True;False;1e-05;12000;1;2;20;10;500;-5;50;0.75;2;50;50;10;10;16;2.7866;1065;1065;1;1;30;line_consecutive;0.5;1065;2;5;7-18;3,11
lintim;SiouxFalls;SiouxFalls;bounds;True;False;1e-05;12000;1;2;20;10;500;-5;50;0.75;2;50;50;10;10;16;2.7866;1066;1066;1;1;30;line_consecutive;0.5;1066;2;6;11-14;4,8,10
lintim;SiouxFalls;SiouxFalls;bounds;True;False;1e-05;12000;1;2;20;10;500;-5;50;0.75;2;50;50;10;10;16;2.7866;1067;1067;1;1;30;line_consecutive;0.5;1067;2;7;5-9;3,9
lintim;SiouxFalls;SiouxFalls;bounds;True;False;1e-05;12000;1;2;20;10;500;-5;50;0.75;2;50;50;10;10;16;2.7866;1068;1068;1;1;30;line_consecutive;0.5;1068;2;8;10-16;1,10
lintim;SiouxFalls;SiouxFalls;bounds;True;False;1e-05;12000;1;2;20;10;500;-5;50;0.75;2;50;50;10;10;16;2.7866;1069;1069;1;1;30;line_consecutive;0.5;1069;2;9;4-5;3
lintim;SiouxFalls;SiouxFalls;bounds;True;False;1e-05;12000;1;2;20;10;500;-5;50;0.75;2;50;50;10;10;16;2.7866;1070;1070;1;1;30;line_consecutive;0.5;1070;2;10;10-11;1,7,10
lintim;SiouxFalls;SiouxFalls;bounds;True;False;1e-05;12000;1;2;20;10;500;-5;50;0.75;2;50;50;10;10;16;2.7866;1071;1071;1;1;30;line_consecutive;0.5;1071;2;11;1-3;4,8,12
lintim;SiouxFalls;SiouxFalls;bounds;True;False;1e-05;12000;1;2;20;10;500;-5;50;0.75;2;50;50;10;10;16;2.7866;1072;1072;1;1;30;line_consecutive;0.5;1072;2;12;2-6;2
lintim;SiouxFalls;SiouxFalls;bounds;True;False;1e-05;12000;1;2;20;10;500;-5;50;0.75;2;50;50;10;10;16;2.7866;1073;1073;1;1;30;line_consecutive;0.5;1073;2;13;11-12;1,7,8
lintim;SiouxFalls;SiouxFalls;bounds;True;False;1e-05;12000;1;2;20;10;500;-5;50;0.75;2;50;50;10;10;16;2.7866;1074;1074;1;1;30;line_consecutive;0.5;1074;2;14;9-10;7,9
lintim;SiouxFalls;SiouxFalls;bounds;True;False;1e-05;12000;1;2;20;10;500;-5;50;0.75;2;50;50;10;10;16;2.7866;1075;1075;1;1;30;line_consecutive;0.5;1075;2;15;3-4;3,4
lintim;SiouxFalls;SiouxFalls;bounds;True;False;1e-05;12000;1;2;20;10;500;-5;50;0.75;2;50;50;10;10;16;2.7866;1076;1076;1;1;30;line_consecutive;0.5;1076;2;16;10-15;5,9
lintim;SiouxFalls;SiouxFalls;bounds;True;False;1e-05;12000;1;2;20;10;500;-5;50;0.75;2;50;50;10;10;16;2.7866;1077;1077;1;1;30;line_consecutive;0.5;1077;2;17;16-18;1
lintim;SiouxFalls;SiouxFalls;bounds;True;False;1e-05;12000;1;2;20;10;500;-5;50;0.75;2;50;50;10;10;16;2.7866;1078;1078;1;1;30;line_consecutive;0.5;1078;2;18;8-9;3,7
lintim;SiouxFalls;SiouxFalls;bounds;True;False;1e-05;12000;1;2;20;10;500;-5;50;0.75;2;50;50;10;10;16;2.7866;1079;1079;1;1;30;line_consecutive;0.5;1079;2;19;8-16;2,10,13
lintim;SiouxFalls;SiouxFalls;bounds;True;False;1e-05;12000;1;2;20;10;500;-5;50;0.75;2;50;50;10;10;16;2.7866;1080;1080;1;1;30;line_consecutive;0.5;1080;2;20;1-2;12
lintim;SiouxFalls;SiouxFalls;bounds;True;False;1e-05;12000;1;2;20;10;500;-5;50;0.75;2;50;50;10;10;16;2.7866;1081;1081;1;1;30;line_consecutive;0.5;1081;2;21;14-15;14
lintim;SiouxFalls;SiouxFalls;bounds;True;False;1e-05;12000;1;2;20;10;500;-5;50;0.75;2;50;50;10;10;16;2.7866;1082;1082;1;1;30;line_consecutive;0.5;1082;2;22;23-24;4
lintim;SiouxFalls;SiouxFalls;bounds;True;False;1e-05;12000;1;2;20;10;500;-5;50;0.75;2;50;50;10;10;16;2.7866;1083;1083;1;1;30;line_consecutive;0.5;1083;2;23;20-22;11
lintim;SiouxFalls;SiouxFalls;bounds;True;False;1e-05;12000;1;2;20;10;500;-5;50;0.75;2;50;50;10;10;16;2.7866;1084;1084;1;1;30;line_consecutive;0.5;1084;2;24;3-12;8,12
lintim;SiouxFalls;SiouxFalls;bounds;True;False;1e-05;12000;1;2;20;10;500;-5;50;0.75;2;50;50;10;10;16;2.7866;1085;1085;1;1;30;line_consecutive;0.5;1085;2;25;15-19;9,13,14
lintim;SiouxFalls;SiouxFalls;bounds;True;False;1e-05;12000;1;2;20;10;500;-5;50;0.75;2;50;50;10;10;16;2.7866;1086;1086;1;1;30;line_consecutive;0.5;1086;2;26;5-6;9
lintim;SiouxFalls;SiouxFalls;bounds;True;False;1e-05;12000;1;2;20;10;500;-5;50;0.75;2;50;50;10;10;16;2.7866;1087;1087;1;1;30;line_consecutive;0.5;1087;2;27;13-24;6
lintim;SiouxFalls;SiouxFalls;bounds;True;False;1e-05;12000;1;2;20;10;500;-5;50;0.75;2;50;50;10;10;16;2.7866;1088;1088;1;1;30;line_consecutive;0.5;1088;2;28;18-20;11
lintim;SiouxFalls;SiouxFalls;bounds;True;False;1e-05;12000;1;2;20;10;500;-5;50;0.75;2;50;50;10;10;16;2.7866;1089;1089;1;1;30;line_consecutive;0.5;1089;2;29;20-21;6
lintim;SiouxFalls;SiouxFalls;bounds;True;False;1e-05;12000;1;2;20;10;500;-5;50;0.75;2;50;50;10;10;16;2.7866;1090;1090;2;1;30;line_consecutive;0.5;1090;3;0;20-21,21-24;6
lintim;SiouxFalls;SiouxFalls;bounds;True;False;1e-05;12000;1;2;20;10;500;-5;50;0.75;2;50;50;10;10;16;2.7866;1091;1091;2;1;30;line_consecutive;0.5;1091;3;1;13-24,21-24;6
lintim;SiouxFalls;SiouxFalls;bounds;True;False;1e-05;12000;1;2;20;10;500;-5;50;0.75;2;50;50;10;10;16;2.7866;1092;1092;2;1;30;line_consecutive;0.5;1092;3;2;15-19,15-22;13
lintim;SiouxFalls;SiouxFalls;bounds;True;False;1e-05;12000;1;2;20;10;500;-5;50;0.75;2;50;50;10;10;16;2.7866;1093;1093;2;1;30;line_consecutive;0.5;1093;3;3;9-10,10-15;9
lintim;SiouxFalls;SiouxFalls;bounds;True;False;1e-05;12000;1;2;20;10;500;-5;50;0.75;2;50;50;10;10;16;2.7866;1094;1094;2;1;30;line_consecutive;0.5;1094;3;4;10-17,17-19;14
lintim;SiouxFalls;SiouxFalls;bounds;True;False;1e-05;12000;1;2;20;10;500;-5;50;0.75;2;50;50;10;10;16;2.7866;1095;1095;2;1;30;line_consecutive;0.5;1095;3;5;4-11,11-14;4
lintim;SiouxFalls;SiouxFalls;bounds;True;False;1e-05;12000;1;2;20;10;500;-5;50;0.75;2;50;50;10;10;16;2.7866;1096;1096;2;1;30;line_consecutive;0.5;1096;3;6;10-11,11-14;10
lintim;SiouxFalls;SiouxFalls;bounds;True;False;1e-05;12000;1;2;20;10;500;-5;50;0.75;2;50;50;10;10;16;2.7866;1097;1097;2;1;30;line_consecutive;0.5;1097;3;7;5-9,8-9;3
lintim;SiouxFalls;SiouxFalls;bounds;True;False;1e-05;12000;1;2;20;10;500;-5;50;0.75;2;50;50;10;10;16;2.7866;1098;1098;2;1;30;line_consecutive;0.5;1098;3;8;15-19,17-19;13,14
lintim;SiouxFalls;SiouxFalls;bounds;True;False;1e-05;12000;1;2;20;10;500;-5;50;0.75;2;50;50;10;10;16;2.7866;1099;1099;2;1;30;line_consecutive;0.5;1099;3;9;6-8,8-16;2
lintim;SiouxFalls;SiouxFalls;bounds;True;False;1e-05;12000;1;2;20;10;500;-5;50;0.75;2;50;50;10;10;16;2.7866;1100;1100;2;1;30;line_consecutive;0.5;1100;3;10;9-10,10-11;7
lintim;SiouxFalls;SiouxFalls;bounds;True;False;1e-05;12000;1;2;20;10;500;-5;50;0.75;2;50;50;10;10;16;2.7866;1101;1101;2;1;30;line_consecutive;0.5;1101;3;11;11-14,14-23;4,10
lintim;SiouxFalls;SiouxFalls;bounds;True;False;1e-05;12000;1;2;20;10;500;-5;50;0.75;2;50;50;10;10;16;2.7866;1102;1102;2;1;30;line_consecutive;0.5;1102;3;12;10-15,15-19;9
lintim;SiouxFalls;SiouxFalls;bounds;True;False;1e-05;12000;1;2;20;10;500;-5;50;0.75;2;50;50;10;10;16;2.7866;1103;1103;2;1;30;line_consecutive;0.5;1103;3;13;7-8,8-9;3,7
lintim;SiouxFalls;SiouxFalls;bounds;True;False;1e-05;12000;1;2;20;10;500;-5;50;0.75;2;50;50;10;10;16;2.7866;1104;1104;2;1;30;line_consecutive;0.5;1104;3;14;4-5,5-9;3
lintim;SiouxFalls;SiouxFalls;bounds;True;False;1e-05;12000;1;2;20;10;500;-5;50;0.75;2;50;50;10;10;16;2.7866;1105;1105;2;1;30;line_consecutive;0.5;1105;3;15;8-16,16-17;2,13
lintim;SiouxFalls;SiouxFalls;bounds;True;False;1e-05;12000;1;2;20;10;500;-5;50;0.75;2;50;50;10;10;16;2.7866;1106;1106;2;1;30;line_consecutive;0.5;1106;3;16;15-22,22-23;5
lintim;SiouxFalls;SiouxFalls;bounds;True;False;1e-05;12000;1;2;20;10;500;-5;50;0.75;2;50;50;10;10;16;2.7866;1107;1107;2;1;30;line_consecutive;0.5;1107;3;17;17-19,19-20;2
lintim;SiouxFalls;SiouxFalls;bounds;True;False;1e-05;12000;1;2;20;10;500;-5;50;0.75;2;50;50;10;10;16;2.7866;1108;1108;2;1;30;line_consecutive;0.5;1108;3;18;3-12,12-13;12
lintim;SiouxFalls;SiouxFalls;bounds;True;False;1e-05;12000;1;2;20;10;500;-5;50;0.75;2;50;50;10;10;16;2.7866;1109;1109;2;1;30;line_consecutive;0.5;1109;3;19;2-6,6-8;2
lintim;SiouxFalls;SiouxFalls;bounds;True;False;1e-05;12000;1;2;20;10;500;-5;50;0.75;2;50;50;10;10;16;2.7866;1110;1110;2;1;30;line_consecutive;0.5;1110;3;20;18-20,20-22;11
lintim;SiouxFalls;SiouxFalls;bounds;True;False;1e-05;12000;1;2;20;10;500;-5;50;0.75;2;50;50;10;10;16;2.7866;1111;1111;2;1;30;line_consecutive;0.5;1111;3;21;8-9,9-10;7
lintim;SiouxFalls;SiouxFalls;bounds;True;False;1e-05;12000;1;2;20;10;500;-5;50;0.75;2;50;50;10;10;16;2.7866;1112;1112;2;1;30;line_consecutive;0.5;1112;3;22;10-11,10-16;1,10
lintim;SiouxFalls;SiouxFalls;bounds;True;False;1e-05;12000;1;2;20;10;500;-5;50;0.75;2;50;50;10;10;16;2.7866;1113;1113;2;1;30;line_consecutive;0.5;1113;3;23;7-8,7-18;3,11
lintim;SiouxFalls;SiouxFalls;bounds;True;False;1e-05;12000;1;2;20;10;500;-5;50;0.75;2;50;50;10;10;16;2.7866;1114;1114;2;1;30;line_consecutive;0.5;1114;3;24;7-18,18-20;11
lintim;SiouxFalls;SiouxFalls;bounds;True;False;1e-05;12000;1;2;20;10;500;-5;50;0.75;2;50;50;10;10;16;2.7866;1115;1115;2;1;30;line_consecutive;0.5;1115;3;25;3-12,11-12;8
lintim;SiouxFalls;SiouxFalls;bounds;True;False;1e-05;12000;1;2;20;10;500;-5;50;0.75;2;50;50;10;10;16;2.7866;1116;1116;2;1;30;line_consecutive;0.5;1116;3;26;3-4,4-5;3
lintim;SiouxFalls;SiouxFalls;bounds;True;False;1e-05;12000;1;2;20;10;500;-5;50;0.75;2;50;50;10;10;16;2.7866;1117;1117;2;1;30;line_consecutive;0.5;1117;3;27;1-3,3-4;4
lintim;SiouxFalls;SiouxFalls;bounds;True;False;1e-05;12000;1;2;20;10;500;-5;50;0.75;2;50;50;10;10;16;2.7866;1118;1118;2;1;30;line_consecutive;0.5;1118;3;28;10-15,15-22;5
lintim;SiouxFalls;SiouxFalls;bounds;True;False;1e-05;12000;1;2;20;10;500;-5;50;0.75;2;50;50;10;10;16;2.7866;1119;1119;2;1;30;line_consecutive;0.5;1119;3;29;14-15,15-19;14
lintim;SiouxFalls;SiouxFalls;bounds;True;False;1e-05;12000;1;2;20;10;5000;-5;50;0.75;2;50;50;10;10;16;2.7866;1120;1120;1;1;30;line_consecutive;0.5;1120;4;0;10-11;1,7,10
lintim;SiouxFalls;SiouxFalls;bounds;True;False;1e-05;12000;1;2;20;10;5000;-5;50;0.75;2;50;50;10;10;16;2.7866;1121;1121;1;1;30;line_consecutive;0.5;1121;4;1;10-16;1,10
lintim;SiouxFalls;SiouxFalls;bounds;True;False;1e-05;12000;1;2;20;10;5000;-5;50;0.75;2;50;50;10;10;16;2.7866;1122;1122;1;1;30;line_consecutive;0.5;1122;4;2;9-10;7,9
lintim;SiouxFalls;SiouxFalls;bounds;True;False;1e-05;12000;1;2;20;10;5000;-5;50;0.75;2;50;50;10;10;16;2.7866;1123;1123;1;1;30;line_consecutive;0.5;1123;4;3;14-15;14
lintim;SiouxFalls;SiouxFalls;bounds;True;False;1e-05;12000;1;2;20;10;5000;-5;50;0.75;2;50;50;10;10;16;2.7866;1124;1124;1;1;30;line_consecutive;0.5;1124;4;4;6-8;2
lintim;SiouxFalls;SiouxFalls;bounds;True;False;1e-05;12000;1;2;20;10;5000;-5;50;0.75;2;50;50;10;10;16;2.7866;1125;1125;1;1;30;line_consecutive;0.5;1125;4;5;7-8;3,7,11
lintim;SiouxFalls;SiouxFalls;bounds;True;False;1e-05;12000;1;2;20;10;5000;-5;50;0.75;2;50;50;10;10;16;2.7866;1126;1126;1;1;30;line_consecutive;0.5;1126;4;6;5-9;3,9
lintim;SiouxFalls;SiouxFalls;bounds;True;False;1e-05;12000;1;2;20;10;5000;-5;50;0.75;2;50;50;10;10;16;2.7866;1127;1127;1;1;30;line_consecutive;0.5;1127;4;7;23-24;4
lintim;SiouxFalls;SiouxFalls;bounds;True;False;1e-05;12000;1;2;20;10;5000;-5;50;0.75;2;50;50;10;10;16;2.7866;1128;1128;1;1;30;line_consecutive;0.5;1128;4;8;8-9;3,7
lintim;SiouxFalls;SiouxFalls;bounds;True;False;1e-05;12000;1;2;20;10;5000;-5;50;0.75;2;50;50;10;10;16;2.7866;1129;1129;1;1;30;line_consecutive;0.5;1129;4;9;19-20;2
lintim;SiouxFalls;SiouxFalls;bounds;True;False;1e-05;12000;1;2;20;10;5000;-5;50;0.75;2;50;50;10;10;16;2.7866;1130;1130;1;1;30;line_consecutive;0.5;1130;4;10;13-24;6
lintim;SiouxFalls;SiouxFalls;bounds;True;False;1e-05;12000;1;2;20;10;5000;-5;50;0.75;2;50;50;10;10;16;2.7866;1131;1131;1;1;30;line_consecutive;0.5;1131;4;11;16-17;2,13
lintim;SiouxFalls;SiouxFalls;bounds;True;False;1e-05;12000;1;2;20;10;5000;-5;50;0.75;2;50;50;10;10;16;2.7866;1132;1132;1;1;30;line_consecutive;0.5;1132;4;12;7-18;3,11
lintim;SiouxFalls;SiouxFalls;bounds;True;False;1e-05;12000;1;2;20;10;5000;-5;50;0.75;2;50;50;10;10;16;2.7866;1133;1133;1;1;30;line_consecutive;0.5;1133;4;13;21-24;6
lintim;SiouxFalls;SiouxFalls;bounds;True;False;1e-05;12000;1;2;20;10;5000;-5;50;0.75;2;50;50;10;10;16;2.7866;1134;1134;1;1;30;line_consecutive;0.5;1134;4;14;4-11;4
lintim;SiouxFalls;SiouxFalls;bounds;True;False;1e-05;12000;1;2;20;10;5000;-5;50;0.75;2;50;50;10;10;16;2.7866;1135;1135;1;1;30;line_consecutive;0.5;1135;4;15;22-23;5
lintim;SiouxFalls;SiouxFalls;bounds;True;False;1e-05;12000;1;2;20;10;5000;-5;50;0.75;2;50;50;10;10;16;2.7866;1136;1136;1;1;30;line_consecutive;0.5;1136;4;16;3-12;8,12
lintim;SiouxFalls;SiouxFalls;bounds;True;False;1e-05;12000;1;2;20;10;5000;-5;50;0.75;2;50;50;10;10;16;2.7866;1137;1137;1;1;30;line_consecutive;0.5;1137;4;17;20-22;11
lintim;SiouxFalls;SiouxFalls;bounds;True;False;1e-05;12000;1;2;20;10;5000;-5;50;0.75;2;50;50;10;10;16;2.7866;1138;1138;1;1;30;line_consecutive;0.5;1138;4;18;11-12;1,7,8
lintim;SiouxFalls;SiouxFalls;bounds;True;False;1e-05;12000;1;2;20;10;5000;-5;50;0.75;2;50;50;10;10;16;2.7866;1139;1139;1;1;30;line_consecutive;0.5;1139;4;19;3-4;3,4
lintim;SiouxFalls;SiouxFalls;bounds;True;False;1e-05;12000;1;2;20;10;5000;-5;50;0.75;2;50;50;10;10;16;2.7866;1140;1140;1;1;30;line_consecutive;0.5;1140;4;20;14-23;4,10
lintim;SiouxFalls;SiouxFalls;bounds;True;False;1e-05;12000;1;2;20;10;5000;-5;50;0.75;2;50;50;10;10;16;2.7866;1141;1141;1;1;30;line_consecutive;0.5;1141;4;21;20-21;6
lintim;SiouxFalls;SiouxFalls;bounds;True;False;1e-05;12000;1;2;20;10;5000;-5;50;0.75;2;50;50;10;10;16;2.7866;1142;1142;1;1;30;line_consecutive;0.5;1142;4;22;11-14;4,8,10
lintim;SiouxFalls;SiouxFalls;bounds;True;False;1e-05;12000;1;2;20;10;5000;-5;50;0.75;2;50;50;10;10;16;2.7866;1143;1143;1;1;30;line_consecutive;0.5;1143;4;23;1-3;4,8,12
lintim;SiouxFalls;SiouxFalls;bounds;True;False;1e-05;12000;1;2;20;10;5000;-5;50;0.75;2;50;50;10;10;16;2.7866;1144;1144;1;1;30;line_consecutive;0.5;1144;4;24;15-19;9,13,14
lintim;SiouxFalls;SiouxFalls;bounds;True;False;1e-05;12000;1;2;20;10;5000;-5;50;0.75;2;50;50;10;10;16;2.7866;1145;1145;1;1;30;line_consecutive;0.5;1145;4;25;17-19;2,13,14
lintim;SiouxFalls;SiouxFalls;bounds;True;False;1e-05;12000;1;2;20;10;5000;-5;50;0.75;2;50;50;10;10;16;2.7866;1146;1146;1;1;30;line_consecutive;0.5;1146;4;26;10-17;14
lintim;SiouxFalls;SiouxFalls;bounds;True;False;1e-05;12000;1;2;20;10;5000;-5;50;0.75;2;50;50;10;10;16;2.7866;1147;1147;1;1;30;line_consecutive;0.5;1147;4;27;21-22;13
lintim;SiouxFalls;SiouxFalls;bounds;True;False;1e-05;12000;1;2;20;10;5000;-5;50;0.75;2;50;50;10;10;16;2.7866;1148;1148;1;1;30;line_consecutive;0.5;1148;4;28;2-6;2
lintim;SiouxFalls;SiouxFalls;bounds;True;False;1e-05;12000;1;2;20;10;5000;-5;50;0.75;2;50;50;10;10;16;2.7866;1149;1149;1;1;30;line_consecutive;0.5;1149;4;29;4-5;3
lintim;SiouxFalls;SiouxFalls;bounds;True;False;1e-05;12000;1;2;20;10;5000;-5;50;0.75;2;50;50;10;10;16;2.7866;1150;1150;2;1;30;line_consecutive;0.5;1150;5;0;1-2,1-3;12
lintim;SiouxFalls;SiouxFalls;bounds;True;False;1e-05;12000;1;2;20;10;5000;-5;50;0.75;2;50;50;10;10;16;2.7866;1151;1151;2;1;30;line_consecutive;0.5;1151;5;1;4-11,11-14;4
lintim;SiouxFalls;SiouxFalls;bounds;True;False;1e-05;12000;1;2;20;10;5000;-5;50;0.75;2;50;50;10;10;16;2.7866;1152;1152;2;1;30;line_consecutive;0.5;1152;5;2;9-10,10-15;9
lintim;SiouxFalls;SiouxFalls;bounds;True;False;1e-05;12000;1;2;20;10;5000;-5;50;0.75;2;50;50;10;10;16;2.7866;1153;1153;2;1;30;line_consecutive;0.5;1153;5;3;3-4,4-5;3
lintim;SiouxFalls;SiouxFalls;bounds;True;False;1e-05;12000;1;2;20;10;5000;-5;50;0.75;2;50;50;10;10;16;2.7866;1154;1154;2;1;30;line_consecutive;0.5;1154;5;4;8-16,10-16;10
lintim;SiouxFalls;SiouxFalls;bounds;True;False;1e-05;12000;1;2;20;10;5000;-5;50;0.75;2;50;50;10;10;16;2.7866;1155;1155;2;1;30;line_consecutive;0.5;1155;5;5;10-11,10-16;1,10
lintim;SiouxFalls;SiouxFalls;bounds;True;False;1e-05;12000;1;2;20;10;5000;-5;50;0.75;2;50;50;10;10;16;2.7866;1156;1156;2;1;30;line_consecutive;0.5;1156;5;6;14-23,23-24;4
lintim;SiouxFalls;SiouxFalls;bounds;True;False;1e-05;12000;1;2;20;10;5000;-5;50;0.75;2;50;50;10;10;16;2.7866;1157;1157;2;1;30;line_consecutive;0.5;1157;5;7;10-11,11-14;10
lintim;SiouxFalls;SiouxFalls;bounds;True;False;1e-05;12000;1;2;20;10;5000;-5;50;0.75;2;50;50;10;10;16;2.7866;1158;1158;2;1;30;line_consecutive;0.5;1158;5;8;10-11,11-12;1,7
lintim;SiouxFalls;SiouxFalls;bounds;True;False;1e-05;12000;1;2;20;10;5000;-5;50;0.75;2;50;50;10;10;16;2.7866;1159;1159;2;1;30;line_consecutive;0.5;1159;5;9;4-5,5-9;3
lintim;SiouxFalls;SiouxFalls;bounds;True;False;1e-05;12000;1;2;20;10;5000;-5;50;0.75;2;50;50;10;10;16;2.7866;1160;1160;2;1;30;line_consecutive;0.5;1160;5;10;11-14,14-23;4,10
lintim;SiouxFalls;SiouxFalls;bounds;True;False;1e-05;12000;1;2;20;10;5000;-5;50;0.75;2;50;50;10;10;16;2.7866;1161;1161;2;1;30;line_consecutive;0.5;1161;5;11;8-9,9-10;7
lintim;SiouxFalls;SiouxFalls;bounds;True;False;1e-05;12000;1;2;20;10;5000;-5;50;0.75;2;50;50;10;10;16;2.7866;1162;1162;2;1;30;line_consecutive;0.5;1162;5;12;6-8,8-16;2
lintim;SiouxFalls;SiouxFalls;bounds;True;False;1e-05;12000;1;2;20;10;5000;-5;50;0.75;2;50;50;10;10;16;2.7866;1163;1163;2;1;30;line_consecutive;0.5;1163;5;13;20-21,21-24;6
lintim;SiouxFalls;SiouxFalls;bounds;True;False;1e-05;12000;1;2;20;10;5000;-5;50;0.75;2;50;50;10;10;16;2.7866;1164;1164;2;1;30;line_consecutive;0.5;1164;5;14;8-16,16-17;2,13
lintim;SiouxFalls;SiouxFalls;bounds;True;False;1e-05;12000;1;2;20;10;5000;-5;50;0.75;2;50;50;10;10;16;2.7866;1165;1165;2;1;30;line_consecutive;0.5;1165;5;15;15-22,21-22;13
lintim;SiouxFalls;SiouxFalls;bounds;True;False;1e-05;12000;1;2;20;10;5000;-5;50;0.75;2;50;50;10;10;16;2.7866;1166;1166;2;1;30;line_consecutive;0.5;1166;5;16;7-18,18-20;11
lintim;SiouxFalls;SiouxFalls;bounds;True;False;1e-05;12000;1;2;20;10;5000;-5;50;0.75;2;50;50;10;10;16;2.7866;1167;1167;2;1;30;line_consecutive;0.5;1167;5;17;5-9,9-10;9
lintim;SiouxFalls;SiouxFalls;bounds;True;False;1e-05;12000;1;2;20;10;5000;-5;50;0.75;2;50;50;10;10;16;2.7866;1168;1168;2;1;30;line_consecutive;0.5;1168;5;18;1-3,3-12;8,12
lintim;SiouxFalls;SiouxFalls;bounds;True;False;1e-05;12000;1;2;20;10;5000;-5;50;0.75;2;50;50;10;10;16;2.7866;1169;1169;2;1;30;line_consecutive;0.5;1169;5;19;5-6,5-9;9
lintim;SiouxFalls;SiouxFalls;bounds;True;False;1e-05;12000;1;2;20;10;5000;-5;50;0.75;2;50;50;10;10;16;2.7866;1170;1170;2;1;30;line_consecutive;0.5;1170;5;20;15-19,17-19;13,14
lintim;SiouxFalls;SiouxFalls;bounds;True;False;1e-05;12000;1;2;20;10;5000;-5;50;0.75;2;50;50;10;10;16;2.7866;1171;1171;2;1;30;line_consecutive;0.5;1171;5;21;3-12,11-12;8
lintim;SiouxFalls;SiouxFalls;bounds;True;False;1e-05;12000;1;2;20;10;5000;-5;50;0.75;2;50;50;10;10;16;2.7866;1172;1172;2;1;30;line_consecutive;0.5;1172;5;22;3-12,12-13;12
lintim;SiouxFalls;SiouxFalls;bounds;True;False;1e-05;12000;1;2;20;10;5000;-5;50;0.75;2;50;50;10;10;16;2.7866;1173;1173;2;1;30;line_consecutive;0.5;1173;5;23;7-8,7-18;3,11
lintim;SiouxFalls;SiouxFalls;bounds;True;False;1e-05;12000;1;2;20;10;5000;-5;50;0.75;2;50;50;10;10;16;2.7866;1174;1174;2;1;30;line_consecutive;0.5;1174;5;24;13-24,21-24;6
lintim;SiouxFalls;SiouxFalls;bounds;True;False;1e-05;12000;1;2;20;10;5000;-5;50;0.75;2;50;50;10;10;16;2.7866;1175;1175;2;1;30;line_consecutive;0.5;1175;5;25;10-17,17-19;14
lintim;SiouxFalls;SiouxFalls;bounds;True;False;1e-05;12000;1;2;20;10;5000;-5;50;0.75;2;50;50;10;10;16;2.7866;1176;1176;2;1;30;line_consecutive;0.5;1176;5;26;18-20,20-22;11
lintim;SiouxFalls;SiouxFalls;bounds;True;False;1e-05;12000;1;2;20;10;5000;-5;50;0.75;2;50;50;10;10;16;2.7866;1177;1177;2;1;30;line_consecutive;0.5;1177;5;27;17-19,19-20;2
lintim;SiouxFalls;SiouxFalls;bounds;True;False;1e-05;12000;1;2;20;10;5000;-5;50;0.75;2;50;50;10;10;16;2.7866;1178;1178;2;1;30;line_consecutive;0.5;1178;5;28;11-12,11-14;8
lintim;SiouxFalls;SiouxFalls;bounds;True;False;1e-05;12000;1;2;20;10;5000;-5;50;0.75;2;50;50;10;10;16;2.7866;1179;1179;2;1;30;line_consecutive;0.5;1179;5;29;10-15,15-19;9
lintim;SiouxFalls;SiouxFalls;bounds;True;False;1e-05;12000;1;2;20;100;50;-5;50;0.75;2;50;50;10;10;16;2.7866;1180;1180;1;1;30;line_consecutive;0.5;1180;6;0;9-10;7,9
lintim;SiouxFalls;SiouxFalls;bounds;True;False;1e-05;12000;1;2;20;100;50;-5;50;0.75;2;50;50;10;10;16;2.7866;1181;1181;1;1;30;line_consecutive;0.5;1181;6;1;4-5;3
lintim;SiouxFalls;SiouxFalls;bounds;True;False;1e-05;12000;1;2;20;100;50;-5;50;0.75;2;50;50;10;10;16;2.7866;1182;1182;1;1;30;line_consecutive;0.5;1182;6;2;5-9;3,9
lintim;SiouxFalls;SiouxFalls;bounds;True;False;1e-05;12000;1;2;20;100;50;-5;50;0.75;2;50;50;10;10;16;2.7866;1183;1183;1;1;30;line_consecutive;0.5;1183;6;3;7-18;3,11
lintim;SiouxFalls;SiouxFalls;bounds;True;False;1e-05;12000;1;2;20;100;50;-5;50;0.75;2;50;50;10;10;16;2.7866;1184;1184;1;1;30;line_consecutive;0.5;1184;6;4;11-12;1,7,8
lintim;SiouxFalls;SiouxFalls;bounds;True;False;1e-05;12000;1;2;20;100;50;-5;50;0.75;2;50;50;10;10;16;2.7866;1185;1185;1;1;30;line_consecutive;0.5;1185;6;5;7-8;3,7,11
lintim;SiouxFalls;SiouxFalls;bounds;True;False;1e-05;12000;1;2;20;100;50;-5;50;0.75;2;50;50;10;10;16;2.7866;1186;1186;1;1;30;line_consecutive;0.5;1186;6;6;14-23;4,10
lintim;SiouxFalls;SiouxFalls;bounds;True;False;1e-05;12000;1;2;20;100;50;-5;50;0.75;2;50;50;10;10;16;2.7866;1187;1187;1;1;30;line_consecutive;0.5;1187;6;7;1-2;12
lintim;SiouxFalls;SiouxFalls;bounds;True;False;1e-05;12000;1;2;20;100;50;-5;50;0.75;2;50;50;10;10;16;2.7866;1188;1188;1;1;30;line_consecutive;0.5;1188;6;8;8-9;3,7
lintim;SiouxFalls;SiouxFalls;bounds;True;False;1e-05;12000;1;2;20;100;50;-5;50;0.75;2;50;50;10;10;16;2.7866;1189;1189;1;1;30;line_consecutive;0.5;1189;6;9;3-4;3,4
lintim;SiouxFalls;SiouxFalls;bounds;True;False;1e-05;12000;1;2;20;100;50;-5;50;0.75;2;50;50;10;10;16;2.7866;1190;1190;1;1;30;line_consecutive;0.5;1190;6;10;19-20;2
lintim;SiouxFalls;SiouxFalls;bounds;True;False;1e-05;12000;1;2;20;100;50;-5;50;0.75;2;50;50;10;10;16;2.7866;1191;1191;1;1;30;line_consecutive;0.5;1191;6;11;21-24;6
lintim;SiouxFalls;SiouxFalls;bounds;True;False;1e-05;12000;1;2;20;100;50;-5;50;0.75;2;50;50;10;10;16;2.7866;1192;1192;1;1;30;line_consecutive;0.5;1192;6;12;15-22;5,13
lintim;SiouxFalls;SiouxFalls;bounds;True;False;1e-05;12000;1;2;20;100;50;-5;50;0.75;2;50;50;10;10;16;2.7866;1193;1193;1;1;30;line_consecutive;0.5;1193;6;13;1-3;4,8,12
lintim;SiouxFalls;SiouxFalls;bounds;True;False;1e-05;12000;1;2;20;100;50;-5;50;0.75;2;50;50;10;10;16;2.7866;1194;1194;1;1;30;line_consecutive;0.5;1194;6;14;20-22;11
lintim;SiouxFalls;SiouxFalls;bounds;True;False;1e-05;12000;1;2;20;100;50;-5;50;0.75;2;50;50;10;10;16;2.7866;1195;1195;1;1;30;line_consecutive;0.5;1195;6;15;15-19;9,13,14
lintim;SiouxFalls;SiouxFalls;bounds;True;False;1e-05;12000;1;2;20;100;50;-5;50;0.75;2;50;50;10;10;16;2.7866;1196;1196;1;1;30;line_consecutive;0.5;1196;6;16;13-24;6
lintim;SiouxFalls;SiouxFalls;bounds;True;False;1e-05;12000;1;2;20;100;50;-5;50;0.75;2;50;50;10;10;16;2.7866;1197;1197;1;1;30;line_consecutive;0.5;1197;6;17;18-20;11
lintim;SiouxFalls;SiouxFalls;bounds;True;False;1e-05;12000;1;2;20;100;50;-5;50;0.75;2;50;50;10;10;16;2.7866;1198;1198;1;1;30;line_consecutive;0.5;1198;6;18;21-22;13
lintim;SiouxFalls;SiouxFalls;bounds;True;False;1e-05;12000;1;2;20;100;50;-5;50;0.75;2;50;50;10;10;16;2.7866;1199;1199;1;1;30;line_consecutive;0.5;1199;6;19;11-14;4,8,10
lintim;SiouxFalls;SiouxFalls;bounds;True;False;1e-05;12000;1;2;20;100;50;-5;50;0.75;2;50;50;10;10;16;2.7866;1200;1200;1;1;30;line_consecutive;0.5;1200;6;20;4-11;4
lintim;SiouxFalls;SiouxFalls;bounds;True;False;1e-05;12000;1;2;20;100;50;-5;50;0.75;2;50;50;10;10;16;2.7866;1201;1201;1;1;30;line_consecutive;0.5;1201;6;21;10-15;5,9
lintim;SiouxFalls;SiouxFalls;bounds;True;False;1e-05;12000;1;2;20;100;50;-5;50;0.75;2;50;50;10;10;16;2.7866;1202;1202;1;1;30;line_consecutive;0.5;1202;6;22;16-18;1
lintim;SiouxFalls;SiouxFalls;bounds;True;False;1e-05;12000;1;2;20;100;50;-5;50;0.75;2;50;50;10;10;16;2.7866;1203;1203;1;1;30;line_consecutive;0.5;1203;6;23;10-17;14
lintim;SiouxFalls;SiouxFalls;bounds;True;False;1e-05;12000;1;2;20;100;50;-5;50;0.75;2;50;50;10;10;16;2.7866;1204;1204;1;1;30;line_consecutive;0.5;1204;6;24;14-15;14
lintim;SiouxFalls;SiouxFalls;bounds;True;False;1e-05;12000;1;2;20;100;50;-5;50;0.75;2;50;50;10;10;16;2.7866;1205;1205;1;1;30;line_consecutive;0.5;1205;6;25;23-24;4
lintim;SiouxFalls;SiouxFalls;bounds;True;False;1e-05;12000;1;2;20;100;50;-5;50;0.75;2;50;50;10;10;16;2.7866;1206;1206;1;1;30;line_consecutive;0.5;1206;6;26;12-13;12
lintim;SiouxFalls;SiouxFalls;bounds;True;False;1e-05;12000;1;2;20;100;50;-5;50;0.75;2;50;50;10;10;16;2.7866;1207;1207;1;1;30;line_consecutive;0.5;1207;6;27;17-19;2,13,14
lintim;SiouxFalls;SiouxFalls;bounds;True;False;1e-05;12000;1;2;20;100;50;-5;50;0.75;2;50;50;10;10;16;2.7866;1208;1208;1;1;30;line_consecutive;0.5;1208;6;28;20-21;6
lintim;SiouxFalls;SiouxFalls;bounds;True;False;1e-05;12000;1;2;20;100;50;-5;50;0.75;2;50;50;10;10;16;2.7866;1209;1209;1;1;30;line_consecutive;0.5;1209;6;29;2-6;2
lintim;SiouxFalls;SiouxFalls;bounds;True;False;1e-05;12000;1;2;20;100;50;-5;50;0.75;2;50;50;10;10;16;2.7866;1210;1210;2;1;30;line_consecutive;0.5;1210;7;0;13-24,21-24;6
lintim;SiouxFalls;SiouxFalls;bounds;True;False;1e-05;12000;1;2;20;100;50;-5;50;0.75;2;50;50;10;10;16;2.7866;1211;1211;2;1;30;line_consecutive;0.5;1211;7;1;8-16,10-16;10
lintim;SiouxFalls;SiouxFalls;bounds;True;False;1e-05;12000;1;2;20;100;50;-5;50;0.75;2;50;50;10;10;16;2.7866;1212;1212;2;1;30;line_consecutive;0.5;1212;7;2;10-11,11-12;1,7
lintim;SiouxFalls;SiouxFalls;bounds;True;False;1e-05;12000;1;2;20;100;50;-5;50;0.75;2;50;50;10;10;16;2.7866;1213;1213;2;1;30;line_consecutive;0.5;1213;7;3;10-15,15-19;9
lintim;SiouxFalls;SiouxFalls;bounds;True;False;1e-05;12000;1;2;20;100;50;-5;50;0.75;2;50;50;10;10;16;2.7866;1214;1214;2;1;30;line_consecutive;0.5;1214;7;4;3-4,4-5;3
lintim;SiouxFalls;SiouxFalls;bounds;True;False;1e-05;12000;1;2;20;100;50;-5;50;0.75;2;50;50;10;10;16;2.7866;1215;1215;2;1;30;line_consecutive;0.5;1215;7;5;14-15,15-19;14
lintim;SiouxFalls;SiouxFalls;bounds;True;False;1e-05;12000;1;2;20;100;50;-5;50;0.75;2;50;50;10;10;16;2.7866;1216;1216;2;1;30;line_consecutive;0.5;1216;7;6;8-9,9-10;7
lintim;SiouxFalls;SiouxFalls;bounds;True;False;1e-05;12000;1;2;20;100;50;-5;50;0.75;2;50;50;10;10;16;2.7866;1217;1217;2;1;30;line_consecutive;0.5;1217;7;7;4-11,11-14;4
lintim;SiouxFalls;SiouxFalls;bounds;True;False;1e-05;12000;1;2;20;100;50;-5;50;0.75;2;50;50;10;10;16;2.7866;1218;1218;2;1;30;line_consecutive;0.5;1218;7;8;14-23,23-24;4
lintim;SiouxFalls;SiouxFalls;bounds;True;False;1e-05;12000;1;2;20;100;50;-5;50;0.75;2;50;50;10;10;16;2.7866;1219;1219;2;1;30;line_consecutive;0.5;1219;7;9;10-15,15-22;5
lintim;SiouxFalls;SiouxFalls;bounds;True;False;1e-05;12000;1;2;20;100;50;-5;50;0.75;2;50;50;10;10;16;2.7866;1220;1220;2;1;30;line_consecutive;0.5;1220;7;10;3-12,11-12;8
lintim;SiouxFalls;SiouxFalls;bounds;True;False;1e-05;12000;1;2;20;100;50;-5;50;0.75;2;50;50;10;10;16;2.7866;1221;1221;2;1;30;line_consecutive;0.5;1221;7;11;3-4,4-11;4
lintim;SiouxFalls;SiouxFalls;bounds;True;False;1e-05;12000;1;2;20;100;50;-5;50;0.75;2;50;50;10;10;16;2.7866;1222;1222;2;1;30;line_consecutive;0.5;1222;7;12;15-22,22-23;5
lintim;SiouxFalls;SiouxFalls;bounds;True;False;1e-05;12000;1;2;20;100;50;-5;50;0.75;2;50;50;10;10;16;2.7866;1223;1223;2;1;30;line_consecutive;0.5;1223;7;13;6-8,8-16;2
lintim;SiouxFalls;SiouxFalls;bounds;True;False;1e-05;12000;1;2;20;100;50;-5;50;0.75;2;50;50;10;10;16;2.7866;1224;1224;2;1;30;line_consecutive;0.5;1224;7;14;8-16,16-17;2,13
lintim;SiouxFalls;SiouxFalls;bounds;True;False;1e-05;12000;1;2;20;100;50;-5;50;0.75;2;50;50;10;10;16;2.7866;1225;1225;2;1;30;line_consecutive;0.5;1225;7;15;9-10,10-11;7
lintim;SiouxFalls;SiouxFalls;bounds;True;False;1e-05;12000;1;2;20;100;50;-5;50;0.75;2;50;50;10;10;16;2.7866;1226;1226;2;1;30;line_consecutive;0.5;1226;7;16;10-17,17-19;14
lintim;SiouxFalls;SiouxFalls;bounds;True;False;1e-05;12000;1;2;20;100;50;-5;50;0.75;2;50;50;10;10;16;2.7866;1227;1227;2;1;30;line_consecutive;0.5;1227;7;17;1-3,3-12;8,12
lintim;SiouxFalls;SiouxFalls;bounds;True;False;1e-05;12000;1;2;20;100;50;-5;50;0.75;2;50;50;10;10;16;2.7866;1228;1228;2;1;30;line_consecutive;0.5;1228;7;18;5-9,8-9;3
lintim;SiouxFalls;SiouxFalls;bounds;True;False;1e-05;12000;1;2;20;100;50;-5;50;0.75;2;50;50;10;10;16;2.7866;1229;1229;2;1;30;line_consecutive;0.5;1229;7;19;18-20,20-22;11
lintim;SiouxFalls;SiouxFalls;bounds;True;False;1e-05;12000;1;2;20;100;50;-5;50;0.75;2;50;50;10;10;16;2.7866;1230;1230;2;1;30;line_consecutive;0.5;1230;7;20;4-5,5-9;3
lintim;SiouxFalls;SiouxFalls;bounds;True;False;1e-05;12000;1;2;20;100;50;-5;50;0.75;2;50;50;10;10;16;2.7866;1231;1231;2;1;30;line_consecutive;0.5;1231;7;21;15-19,15-22;13
lintim;SiouxFalls;SiouxFalls;bounds;True;False;1e-05;12000;1;2;20;100;50;-5;50;0.75;2;50;50;10;10;16;2.7866;1232;1232;2;1;30;line_consecutive;0.5;1232;7;22;2-6,6-8;2
lintim;SiouxFalls;SiouxFalls;bounds;True;False;1e-05;12000;1;2;20;100;50;-5;50;0.75;2;50;50;10;10;16;2.7866;1233;1233;2;1;30;line_consecutive;0.5;1233;7;23;16-17,17-19;2,13
lintim;SiouxFalls;SiouxFalls;bounds;True;False;1e-05;12000;1;2;20;100;50;-5;50;0.75;2;50;50;10;10;16;2.7866;1234;1234;2;1;30;line_consecutive;0.5;1234;7;24;15-19,17-19;13,14
lintim;SiouxFalls;SiouxFalls;bounds;True;False;1e-05;12000;1;2;20;100;50;-5;50;0.75;2;50;50;10;10;16;2.7866;1235;1235;2;1;30;line_consecutive;0.5;1235;7;25;5-6,5-9;9
lintim;SiouxFalls;SiouxFalls;bounds;True;False;1e-05;12000;1;2;20;100;50;-5;50;0.75;2;50;50;10;10;16;2.7866;1236;1236;2;1;30;line_consecutive;0.5;1236;7;26;9-10,10-15;9
lintim;SiouxFalls;SiouxFalls;bounds;True;False;1e-05;12000;1;2;20;100;50;-5;50;0.75;2;50;50;10;10;16;2.7866;1237;1237;2;1;30;line_consecutive;0.5;1237;7;27;11-14,14-23;4,10
lintim;SiouxFalls;SiouxFalls;bounds;True;False;1e-05;12000;1;2;20;100;50;-5;50;0.75;2;50;50;10;10;16;2.7866;1238;1238;2;1;30;line_consecutive;0.5;1238;7;28;7-18,18-20;11
lintim;SiouxFalls;SiouxFalls;bounds;True;False;1e-05;12000;1;2;20;100;50;-5;50;0.75;2;50;50;10;10;16;2.7866;1239;1239;2;1;30;line_consecutive;0.5;1239;7;29;7-8,7-18;3,11
lintim;SiouxFalls;SiouxFalls;bounds;True;False;1e-05;12000;1;2;20;100;500;-5;50;0.75;2;50;50;10;10;16;2.7866;1240;1240;1;1;30;line_consecutive;0.5;1240;8;0;22-23;5
lintim;SiouxFalls;SiouxFalls;bounds;True;False;1e-05;12000;1;2;20;100;500;-5;50;0.75;2;50;50;10;10;16;2.7866;1241;1241;1;1;30;line_consecutive;0.5;1241;8;1;4-5;3
lintim;SiouxFalls;SiouxFalls;bounds;True;False;1e-05;12000;1;2;20;100;500;-5;50;0.75;2;50;50;10;10;16;2.7866;1242;1242;1;1;30;line_consecutive;0.5;1242;8;2;14-23;4,10
lintim;SiouxFalls;SiouxFalls;bounds;True;False;1e-05;12000;1;2;20;100;500;-5;50;0.75;2;50;50;10;10;16;2.7866;1243;1243;1;1;30;line_consecutive;0.5;1243;8;3;4-11;4
lintim;SiouxFalls;SiouxFalls;bounds;True;False;1e-05;12000;1;2;20;100;500;-5;50;0.75;2;50;50;10;10;16;2.7866;1244;1244;1;1;30;line_consecutive;0.5;1244;8;4;10-11;1,7,10
lintim;SiouxFalls;SiouxFalls;bounds;True;False;1e-05;12000;1;2;20;100;500;-5;50;0.75;2;50;50;10;10;16;2.7866;1245;1245;1;1;30;line_consecutive;0.5;1245;8;5;7-8;3,7,11
lintim;SiouxFalls;SiouxFalls;bounds;True;False;1e-05;12000;1;2;20;100;500;-5;50;0.75;2;50;50;10;10;16;2.7866;1246;1246;1;1;30;line_consecutive;0.5;1246;8;6;7-18;3,11
lintim;SiouxFalls;SiouxFalls;bounds;True;False;1e-05;12000;1;2;20;100;500;-5;50;0.75;2;50;50;10;10;16;2.7866;1247;1247;1;1;30;line_consecutive;0.5;1247;8;7;3-4;3,4
lintim;SiouxFalls;SiouxFalls;bounds;True;False;1e-05;12000;1;2;20;100;500;-5;50;0.75;2;50;50;10;10;16;2.7866;1248;1248;1;1;30;line_consecutive;0.5;1248;8;8;5-9;3,9
lintim;SiouxFalls;SiouxFalls;bounds;True;False;1e-05;12000;1;2;20;100;500;-5;50;0.75;2;50;50;10;10;16;2.7866;1249;1249;1;1;30;line_consecutive;0.5;1249;8;9;21-22;13
lintim;SiouxFalls;SiouxFalls;bounds;True;False;1e-05;12000;1;2;20;100;500;-5;50;0.75;2;50;50;10;10;16;2.7866;1250;1250;1;1;30;line_consecutive;0.5;1250;8;10;1-2;12
lintim;SiouxFalls;SiouxFalls;bounds;True;False;1e-05;12000;1;2;20;100;500;-5;50;0.75;2;50;50;10;10;16;2.7866;1251;1251;1;1;30;line_consecutive;0.5;1251;8;11;5-6;9
lintim;SiouxFalls;SiouxFalls;bounds;True;False;1e-05;12000;1;2;20;100;500;-5;50;0.75;2;50;50;10;10;16;2.7866;1252;1252;1;1;30;line_consecutive;0.5;1252;8;12;20-21;6
lintim;SiouxFalls;SiouxFalls;bounds;True;False;1e-05;12000;1;2;20;100;500;-5;50;0.75;2;50;50;10;10;16;2.7866;1253;1253;1;1;30;line_consecutive;0.5;1253;8;13;18-20;11
lintim;SiouxFalls;SiouxFalls;bounds;True;False;1e-05;12000;1;2;20;100;500;-5;50;0.75;2;50;50;10;10;16;2.7866;1254;1254;1;1;30;line_consecutive;0.5;1254;8;14;12-13;12
lintim;SiouxFalls;SiouxFalls;bounds;True;False;1e-05;12000;1;2;20;100;500;-5;50;0.75;2;50;50;10;10;16;2.7866;1255;1255;1;1;30;line_consecutive;0.5;1255;8;15;2-6;2
lintim;SiouxFalls;SiouxFalls;bounds;True;False;1e-05;12000;1;2;20;100;500;-5;50;0.75;2;50;50;10;10;16;2.7866;1256;1256;1;1;30;line_consecutive;0.5;1256;8;16;20-22;11
lintim;SiouxFalls;SiouxFalls;bounds;True;False;1e-05;12000;1;2;20;100;500;-5;50;0.75;2;50;50;10;10;16;2.7866;1257;1257;1;1;30;line_consecutive;0.5;1257;8;17;3-12;8,12
lintim;SiouxFalls;SiouxFalls;bounds;True;False;1e-05;12000;1;2;20;100;500;-5;50;0.75;2;50;50;10;10;16;2.7866;1258;1258;1;1;30;line_consecutive;0.5;1258;8;18;10-15;5,9
lintim;SiouxFalls;SiouxFalls;bounds;True;False;1e-05;12000;1;2;20;100;500;-5;50;0.75;2;50;50;10;10;16;2.7866;1259;1259;1;1;30;line_consecutive;0.5;1259;8;19;11-14;4,8,10
lintim;SiouxFalls;SiouxFalls;bounds;True;False;1e-05;12000;1;2;20;100;500;-5;50;0.75;2;50;50;10;10;16;2.7866;1260;1260;1;1;30;line_consecutive;0.5;1260;8;20;15-19;9,13,14
lintim;SiouxFalls;SiouxFalls;bounds;True;False;1e-05;12000;1;2;20;100;500;-5;50;0.75;2;50;50;10;10;16;2.7866;1261;1261;1;1;30;line_consecutive;0.5;1261;8;21;8-16;2,10,13
lintim;SiouxFalls;SiouxFalls;bounds;True;False;1e-05;12000;1;2;20;100;500;-5;50;0.75;2;50;50;10;10;16;2.7866;1262;1262;1;1;30;line_consecutive;0.5;1262;8;22;11-12;1,7,8
lintim;SiouxFalls;SiouxFalls;bounds;True;False;1e-05;12000;1;2;20;100;500;-5;50;0.75;2;50;50;10;10;16;2.7866;1263;1263;1;1;30;line_consecutive;0.5;1263;8;23;19-20;2
lintim;SiouxFalls;SiouxFalls;bounds;True;False;1e-05;12000;1;2;20;100;500;-5;50;0.75;2;50;50;10;10;16;2.7866;1264;1264;1;1;30;line_consecutive;0.5;1264;8;24;17-19;2,13,14
lintim;SiouxFalls;SiouxFalls;bounds;True;False;1e-05;12000;1;2;20;100;500;-5;50;0.75;2;50;50;10;10;16;2.7866;1265;1265;1;1;30;line_consecutive;0.5;1265;8;25;1-3;4,8,12
lintim;SiouxFalls;SiouxFalls;bounds;True;False;1e-05;12000;1;2;20;100;500;-5;50;0.75;2;50;50;10;10;16;2.7866;1266;1266;1;1;30;line_consecutive;0.5;1266;8;26;10-16;1,10
lintim;SiouxFalls;SiouxFalls;bounds;True;False;1e-05;12000;1;2;20;100;500;-5;50;0.75;2;50;50;10;10;16;2.7866;1267;1267;1;1;30;line_consecutive;0.5;1267;8;27;16-18;1
lintim;SiouxFalls;SiouxFalls;bounds;True;False;1e-05;12000;1;2;20;100;500;-5;50;0.75;2;50;50;10;10;16;2.7866;1268;1268;1;1;30;line_consecutive;0.5;1268;8;28;9-10;7,9
lintim;SiouxFalls;SiouxFalls;bounds;True;False;1e-05;12000;1;2;20;100;500;-5;50;0.75;2;50;50;10;10;16;2.7866;1269;1269;1;1;30;line_consecutive;0.5;1269;8;29;15-22;5,13
lintim;SiouxFalls;SiouxFalls;bounds;True;False;1e-05;12000;1;2;20;100;500;-5;50;0.75;2;50;50;10;10;16;2.7866;1270;1270;2;1;30;line_consecutive;0.5;1270;9;0;13-24,21-24;6
lintim;SiouxFalls;SiouxFalls;bounds;True;False;1e-05;12000;1;2;20;100;500;-5;50;0.75;2;50;50;10;10;16;2.7866;1271;1271;2;1;30;line_consecutive;0.5;1271;9;1;6-8,8-16;2
lintim;SiouxFalls;SiouxFalls;bounds;True;False;1e-05;12000;1;2;20;100;500;-5;50;0.75;2;50;50;10;10;16;2.7866;1272;1272;2;1;30;line_consecutive;0.5;1272;9;2;5-9,8-9;3
lintim;SiouxFalls;SiouxFalls;bounds;True;False;1e-05;12000;1;2;20;100;500;-5;50;0.75;2;50;50;10;10;16;2.7866;1273;1273;2;1;30;line_consecutive;0.5;1273;9;3;9-10,10-11;7
lintim;SiouxFalls;SiouxFalls;bounds;True;False;1e-05;12000;1;2;20;100;500;-5;50;0.75;2;50;50;10;10;16;2.7866;1274;1274;2;1;30;line_consecutive;0.5;1274;9;4;11-12,11-14;8
lintim;SiouxFalls;SiouxFalls;bounds;True;False;1e-05;12000;1;2;20;100;500;-5;50;0.75;2;50;50;10;10;16;2.7866;1275;1275;2;1;30;line_consecutive;0.5;1275;9;5;3-4,4-11;4
lintim;SiouxFalls;SiouxFalls;bounds;True;False;1e-05;12000;1;2;20;100;500;-5;50;0.75;2;50;50;10;10;16;2.7866;1276;1276;2;1;30;line_consecutive;0.5;1276;9;6;7-18,18-20;11
lintim;SiouxFalls;SiouxFalls;bounds;True;False;1e-05;12000;1;2;20;100;500;-5;50;0.75;2;50;50;10;10;16;2.7866;1277;1277;2;1;30;line_consecutive;0.5;1277;9;7;5-9,9-10;9
lintim;SiouxFalls;SiouxFalls;bounds;True;False;1e-05;12000;1;2;20;100;500;-5;50;0.75;2;50;50;10;10;16;2.7866;1278;1278;2;1;30;line_consecutive;0.5;1278;9;8;11-14,14-23;4,10
lintim;SiouxFalls;SiouxFalls;bounds;True;False;1e-05;12000;1;2;20;100;500;-5;50;0.75;2;50;50;10;10;16;2.7866;1279;1279;2;1;30;line_consecutive;0.5;1279;9;9;3-12,12-13;12
lintim;SiouxFalls;SiouxFalls;bounds;True;False;1e-05;12000;1;2;20;100;500;-5;50;0.75;2;50;50;10;10;16;2.7866;1280;1280;2;1;30;line_consecutive;0.5;1280;9;10;15-19,17-19;13,14
lintim;SiouxFalls;SiouxFalls;bounds;True;False;1e-05;12000;1;2;20;100;500;-5;50;0.75;2;50;50;10;10;16;2.7866;1281;1281;2;1;30;line_consecutive;0.5;1281;9;11;17-19,19-20;2
lintim;SiouxFalls;SiouxFalls;bounds;True;False;1e-05;12000;1;2;20;100;500;-5;50;0.75;2;50;50;10;10;16;2.7866;1282;1282;2;1;30;line_consecutive;0.5;1282;9;12;4-11,11-14;4
lintim;SiouxFalls;SiouxFalls;bounds;True;False;1e-05;12000;1;2;20;100;500;-5;50;0.75;2;50;50;10;10;16;2.7866;1283;1283;2;1;30;line_consecutive;0.5;1283;9;13;10-15,15-19;9
lintim;SiouxFalls;SiouxFalls;bounds;True;False;1e-05;12000;1;2;20;100;500;-5;50;0.75;2;50;50;10;10;16;2.7866;1284;1284;2;1;30;line_consecutive;0.5;1284;9;14;10-11,10-16;1,10
lintim;SiouxFalls;SiouxFalls;bounds;True;False;1e-05;12000;1;2;20;100;500;-5;50;0.75;2;50;50;10;10;16;2.7866;1285;1285;2;1;30;line_consecutive;0.5;1285;9;15;10-11,11-14;10
lintim;SiouxFalls;SiouxFalls;bounds;True;False;1e-05;12000;1;2;20;100;500;-5;50;0.75;2;50;50;10;10;16;2.7866;1286;1286;2;1;30;line_consecutive;0.5;1286;9;16;20-21,21-24;6
lintim;SiouxFalls;SiouxFalls;bounds;True;False;1e-05;12000;1;2;20;100;500;-5;50;0.75;2;50;50;10;10;16;2.7866;1287;1287;2;1;30;line_consecutive;0.5;1287;9;17;5-6,5-9;9
lintim;SiouxFalls;SiouxFalls;bounds;True;False;1e-05;12000;1;2;20;100;500;-5;50;0.75;2;50;50;10;10;16;2.7866;1288;1288;2;1;30;line_consecutive;0.5;1288;9;18;1-3,3-4;4
lintim;SiouxFalls;SiouxFalls;bounds;True;False;1e-05;12000;1;2;20;100;500;-5;50;0.75;2;50;50;10;10;16;2.7866;1289;1289;2;1;30;line_consecutive;0.5;1289;9;19;10-16,16-18;1
lintim;SiouxFalls;SiouxFalls;bounds;True;False;1e-05;12000;1;2;20;100;500;-5;50;0.75;2;50;50;10;10;16;2.7866;1290;1290;2;1;30;line_consecutive;0.5;1290;9;20;15-22,21-22;13
lintim;SiouxFalls;SiouxFalls;bounds;True;False;1e-05;12000;1;2;20;100;500;-5;50;0.75;2;50;50;10;10;16;2.7866;1291;1291;2;1;30;line_consecutive;0.5;1291;9;21;10-17,17-19;14
lintim;SiouxFalls;SiouxFalls;bounds;True;False;1e-05;12000;1;2;20;100;500;-5;50;0.75;2;50;50;10;10;16;2.7866;1292;1292;2;1;30;line_consecutive;0.5;1292;9;22;18-20,20-22;11
lintim;SiouxFalls;SiouxFalls;bounds;True;False;1e-05;12000;1;2;20;100;500;-5;50;0.75;2;50;50;10;10;16;2.7866;1293;1293;2;1;30;line_consecutive;0.5;1293;9;23;3-4,4-5;3
lintim;SiouxFalls;SiouxFalls;bounds;True;False;1e-05;12000;1;2;20;100;500;-5;50;0.75;2;50;50;10;10;16;2.7866;1294;1294;2;1;30;line_consecutive;0.5;1294;9;24;8-16,16-17;2,13
lintim;SiouxFalls;SiouxFalls;bounds;True;False;1e-05;12000;1;2;20;100;500;-5;50;0.75;2;50;50;10;10;16;2.7866;1295;1295;2;1;30;line_consecutive;0.5;1295;9;25;1-2,1-3;12
lintim;SiouxFalls;SiouxFalls;bounds;True;False;1e-05;12000;1;2;20;100;500;-5;50;0.75;2;50;50;10;10;16;2.7866;1296;1296;2;1;30;line_consecutive;0.5;1296;9;26;4-5,5-9;3
lintim;SiouxFalls;SiouxFalls;bounds;True;False;1e-05;12000;1;2;20;100;500;-5;50;0.75;2;50;50;10;10;16;2.7866;1297;1297;2;1;30;line_consecutive;0.5;1297;9;27;7-8,7-18;3,11
lintim;SiouxFalls;SiouxFalls;bounds;True;False;1e-05;12000;1;2;20;100;500;-5;50;0.75;2;50;50;10;10;16;2.7866;1298;1298;2;1;30;line_consecutive;0.5;1298;9;28;8-16,10-16;10
lintim;SiouxFalls;SiouxFalls;bounds;True;False;1e-05;12000;1;2;20;100;500;-5;50;0.75;2;50;50;10;10;16;2.7866;1299;1299;2;1;30;line_consecutive;0.5;1299;9;29;2-6,6-8;2
lintim;SiouxFalls;SiouxFalls;bounds;True;False;1e-05;12000;1;2;20;100;5000;-5;50;0.75;2;50;50;10;10;16;2.7866;1300;1300;1;1;30;line_consecutive;0.5;1300;10;0;16-17;2,13
lintim;SiouxFalls;SiouxFalls;bounds;True;False;1e-05;12000;1;2;20;100;5000;-5;50;0.75;2;50;50;10;10;16;2.7866;1301;1301;1;1;30;line_consecutive;0.5;1301;10;1;3-12;8,12
lintim;SiouxFalls;SiouxFalls;bounds;True;False;1e-05;12000;1;2;20;100;5000;-5;50;0.75;2;50;50;10;10;16;2.7866;1302;1302;1;1;30;line_consecutive;0.5;1302;10;2;10-11;1,7,10
lintim;SiouxFalls;SiouxFalls;bounds;True;False;1e-05;12000;1;2;20;100;5000;-5;50;0.75;2;50;50;10;10;16;2.7866;1303;1303;1;1;30;line_consecutive;0.5;1303;10;3;19-20;2
lintim;SiouxFalls;SiouxFalls;bounds;True;False;1e-05;12000;1;2;20;100;5000;-5;50;0.75;2;50;50;10;10;16;2.7866;1304;1304;1;1;30;line_consecutive;0.5;1304;10;4;21-22;13
lintim;SiouxFalls;SiouxFalls;bounds;True;False;1e-05;12000;1;2;20;100;5000;-5;50;0.75;2;50;50;10;10;16;2.7866;1305;1305;1;1;30;line_consecutive;0.5;1305;10;5;5-6;9
lintim;SiouxFalls;SiouxFalls;bounds;True;False;1e-05;12000;1;2;20;100;5000;-5;50;0.75;2;50;50;10;10;16;2.7866;1306;1306;1;1;30;line_consecutive;0.5;1306;10;6;10-15;5,9
lintim;SiouxFalls;SiouxFalls;bounds;True;False;1e-05;12000;1;2;20;100;5000;-5;50;0.75;2;50;50;10;10;16;2.7866;1307;1307;1;1;30;line_consecutive;0.5;1307;10;7;1-2;12
lintim;SiouxFalls;SiouxFalls;bounds;True;False;1e-05;12000;1;2;20;100;5000;-5;50;0.75;2;50;50;10;10;16;2.7866;1308;1308;1;1;30;line_consecutive;0.5;1308;10;8;13-24;6
lintim;SiouxFalls;SiouxFalls;bounds;True;False;1e-05;12000;1;2;20;100;5000;-5;50;0.75;2;50;50;10;10;16;2.7866;1309;1309;1;1;30;line_consecutive;0.5;1309;10;9;20-22;11
lintim;SiouxFalls;SiouxFalls;bounds;True;False;1e-05;12000;1;2;20;100;5000;-5;50;0.75;2;50;50;10;10;16;2.7866;1310;1310;1;1;30;line_consecutive;0.5;1310;10;10;5-9;3,9
lintim;SiouxFalls;SiouxFalls;bounds;True;False;1e-05;12000;1;2;20;100;5000;-5;50;0.75;2;50;50;10;10;16;2.7866;1311;1311;1;1;30;line_consecutive;0.5;1311;10;11;9-10;7,9
lintim;SiouxFalls;SiouxFalls;bounds;True;False;1e-05;12000;1;2;20;100;5000;-5;50;0.75;2;50;50;10;10;16;2.7866;1312;1312;1;1;30;line_consecutive;0.5;1312;10;12;7-8;3,7,11
lintim;SiouxFalls;SiouxFalls;bounds;True;False;1e-05;12000;1;2;20;100;5000;-5;50;0.75;2;50;50;10;10;16;2.7866;1313;1313;1;1;30;line_consecutive;0.5;1313;10;13;6-8;2
lintim;SiouxFalls;SiouxFalls;bounds;True;False;1e-05;12000;1;2;20;100;5000;-5;50;0.75;2;50;50;10;10;16;2.7866;1314;1314;1;1;30;line_consecutive;0.5;1314;10;14;17-19;2,13,14
lintim;SiouxFalls;SiouxFalls;bounds;True;False;1e-05;12000;1;2;20;100;5000;-5;50;0.75;2;50;50;10;10;16;2.7866;1315;1315;1;1;30;line_consecutive;0.5;1315;10;15;1-3;4,8,12
lintim;SiouxFalls;SiouxFalls;bounds;True;False;1e-05;12000;1;2;20;100;5000;-5;50;0.75;2;50;50;10;10;16;2.7866;1316;1316;1;1;30;line_consecutive;0.5;1316;10;16;10-17;14
lintim;SiouxFalls;SiouxFalls;bounds;True;False;1e-05;12000;1;2;20;100;5000;-5;50;0.75;2;50;50;10;10;16;2.7866;1317;1317;1;1;30;line_consecutive;0.5;1317;10;17;23-24;4
lintim;SiouxFalls;SiouxFalls;bounds;True;False;1e-05;12000;1;2;20;100;5000;-5;50;0.75;2;50;50;10;10;16;2.7866;1318;1318;1;1;30;line_consecutive;0.5;1318;10;18;11-14;4,8,10
lintim;SiouxFalls;SiouxFalls;bounds;True;False;1e-05;12000;1;2;20;100;5000;-5;50;0.75;2;50;50;10;10;16;2.7866;1319;1319;1;1;30;line_consecutive;0.5;1319;10;19;22-23;5
lintim;SiouxFalls;SiouxFalls;bounds;True;False;1e-05;12000;1;2;20;100;5000;-5;50;0.75;2;50;50;10;10;16;2.7866;1320;1320;1;1;30;line_consecutive;0.5;1320;10;20;15-22;5,13
lintim;SiouxFalls;SiouxFalls;bounds;True;False;1e-05;12000;1;2;20;100;5000;-5;50;0.75;2;50;50;10;10;16;2.7866;1321;1321;1;1;30;line_consecutive;0.5;1321;10;21;10-16;1,10
lintim;SiouxFalls;SiouxFalls;bounds;True;False;1e-05;12000;1;2;20;100;5000;-5;50;0.75;2;50;50;10;10;16;2.7866;1322;1322;1;1;30;line_consecutive;0.5;1322;10;22;14-15;14
lintim;SiouxFalls;SiouxFalls;bounds;True;False;1e-05;12000;1;2;20;100;5000;-5;50;0.75;2;50;50;10;10;16;2.7866;1323;1323;1;1;30;line_consecutive;0.5;1323;10;23;11-12;1,7,8
lintim;SiouxFalls;SiouxFalls;bounds;True;False;1e-05;12000;1;2;20;100;5000;-5;50;0.75;2;50;50;10;10;16;2.7866;1324;1324;1;1;30;line_consecutive;0.5;1324;10;24;4-11;4
lintim;SiouxFalls;SiouxFalls;bounds;True;False;1e-05;12000;1;2;20;100;5000;-5;50;0.75;2;50;50;10;10;16;2.7866;1325;1325;1;1;30;line_consecutive;0.5;1325;10;25;16-18;1
lintim;SiouxFalls;SiouxFalls;bounds;True;False;1e-05;12000;1;2;20;100;5000;-5;50;0.75;2;50;50;10;10;16;2.7866;1326;1326;1;1;30;line_consecutive;0.5;1326;10;26;2-6;2
lintim;SiouxFalls;SiouxFalls;bounds;True;False;1e-05;12000;1;2;20;100;5000;-5;50;0.75;2;50;50;10;10;16;2.7866;1327;1327;1;1;30;line_consecutive;0.5;1327;10;27;7-18;3,11
lintim;SiouxFalls;SiouxFalls;bounds;True;False;1e-05;12000;1;2;20;100;5000;-5;50;0.75;2;50;50;10;10;16;2.7866;1328;1328;1;1;30;line_consecutive;0.5;1328;10;28;14-23;4,10
lintim;SiouxFalls;SiouxFalls;bounds;True;False;1e-05;12000;1;2;20;100;5000;-5;50;0.75;2;50;50;10;10;16;2.7866;1329;1329;1;1;30;line_consecutive;0.5;1329;10;29;15-19;9,13,14
lintim;SiouxFalls;SiouxFalls;bounds;True;False;1e-05;12000;1;2;20;100;5000;-5;50;0.75;2;50;50;10;10;16;2.7866;1330;1330;2;1;30;line_consecutive;0.5;1330;11;0;10-11,10-16;1,10
lintim;SiouxFalls;SiouxFalls;bounds;True;False;1e-05;12000;1;2;20;100;5000;-5;50;0.75;2;50;50;10;10;16;2.7866;1331;1331;2;1;30;line_consecutive;0.5;1331;11;1;3-12,11-12;8
lintim;SiouxFalls;SiouxFalls;bounds;True;False;1e-05;12000;1;2;20;100;5000;-5;50;0.75;2;50;50;10;10;16;2.7866;1332;1332;2;1;30;line_consecutive;0.5;1332;11;2;1-3,3-4;4
lintim;SiouxFalls;SiouxFalls;bounds;True;False;1e-05;12000;1;2;20;100;5000;-5;50;0.75;2;50;50;10;10;16;2.7866;1333;1333;2;1;30;line_consecutive;0.5;1333;11;3;7-18,18-20;11
lintim;SiouxFalls;SiouxFalls;bounds;True;False;1e-05;12000;1;2;20;100;5000;-5;50;0.75;2;50;50;10;10;16;2.7866;1334;1334;2;1;30;line_consecutive;0.5;1334;11;4;5-9,9-10;9
lintim;SiouxFalls;SiouxFalls;bounds;True;False;1e-05;12000;1;2;20;100;5000;-5;50;0.75;2;50;50;10;10;16;2.7866;1335;1335;2;1;30;line_consecutive;0.5;1335;11;5;7-8,7-18;3,11
lintim;SiouxFalls;SiouxFalls;bounds;True;False;1e-05;12000;1;2;20;100;5000;-5;50;0.75;2;50;50;10;10;16;2.7866;1336;1336;2;1;30;line_consecutive;0.5;1336;11;6;14-23,23-24;4
lintim;SiouxFalls;SiouxFalls;bounds;True;False;1e-05;12000;1;2;20;100;5000;-5;50;0.75;2;50;50;10;10;16;2.7866;1337;1337;2;1;30;line_consecutive;0.5;1337;11;7;15-22,21-22;13
lintim;SiouxFalls;SiouxFalls;bounds;True;False;1e-05;12000;1;2;20;100;5000;-5;50;0.75;2;50;50;10;10;16;2.7866;1338;1338;2;1;30;line_consecutive;0.5;1338;11;8;5-9,8-9;3
lintim;SiouxFalls;SiouxFalls;bounds;True;False;1e-05;12000;1;2;20;100;5000;-5;50;0.75;2;50;50;10;10;16;2.7866;1339;1339;2;1;30;line_consecutive;0.5;1339;11;9;20-21,21-24;6
lintim;SiouxFalls;SiouxFalls;bounds;True;False;1e-05;12000;1;2;20;100;5000;-5;50;0.75;2;50;50;10;10;16;2.7866;1340;1340;2;1;30;line_consecutive;0.5;1340;11;10;10-15,15-19;9
lintim;SiouxFalls;SiouxFalls;bounds;True;False;1e-05;12000;1;2;20;100;5000;-5;50;0.75;2;50;50;10;10;16;2.7866;1341;1341;2;1;30;line_consecutive;0.5;1341;11;11;13-24,21-24;6
lintim;SiouxFalls;SiouxFalls;bounds;True;False;1e-05;12000;1;2;20;100;5000;-5;50;0.75;2;50;50;10;10;16;2.7866;1342;1342;2;1;30;line_consecutive;0.5;1342;11;12;17-19,19-20;2
lintim;SiouxFalls;SiouxFalls;bounds;True;False;1e-05;12000;1;2;20;100;5000;-5;50;0.75;2;50;50;10;10;16;2.7866;1343;1343;2;1;30;line_consecutive;0.5;1343;11;13;8-16,16-17;2,13
lintim;SiouxFalls;SiouxFalls;bounds;True;False;1e-05;12000;1;2;20;100;5000;-5;50;0.75;2;50;50;10;10;16;2.7866;1344;1344;2;1;30;line_consecutive;0.5;1344;11;14;1-2,1-3;12
lintim;SiouxFalls;SiouxFalls;bounds;True;False;1e-05;12000;1;2;20;100;5000;-5;50;0.75;2;50;50;10;10;16;2.7866;1345;1345;2;1;30;line_consecutive;0.5;1345;11;15;6-8,8-16;2
lintim;SiouxFalls;SiouxFalls;bounds;True;False;1e-05;12000;1;2;20;100;5000;-5;50;0.75;2;50;50;10;10;16;2.7866;1346;1346;2;1;30;line_consecutive;0.5;1346;11;16;15-19,15-22;13
lintim;SiouxFalls;SiouxFalls;bounds;True;False;1e-05;12000;1;2;20;100;5000;-5;50;0.75;2;50;50;10;10;16;2.7866;1347;1347;2;1;30;line_consecutive;0.5;1347;11;17;10-17,17-19;14
lintim;SiouxFalls;SiouxFalls;bounds;True;False;1e-05;12000;1;2;20;100;5000;-5;50;0.75;2;50;50;10;10;16;2.7866;1348;1348;2;1;30;line_consecutive;0.5;1348;11;18;7-8,8-9;3,7
lintim;SiouxFalls;SiouxFalls;bounds;True;False;1e-05;12000;1;2;20;100;5000;-5;50;0.75;2;50;50;10;10;16;2.7866;1349;1349;2;1;30;line_consecutive;0.5;1349;11;19;10-16,16-18;1
lintim;SiouxFalls;SiouxFalls;bounds;True;False;1e-05;12000;1;2;20;100;5000;-5;50;0.75;2;50;50;10;10;16;2.7866;1350;1350;2;1;30;line_consecutive;0.5;1350;11;20;10-15,15-22;5
lintim;SiouxFalls;SiouxFalls;bounds;True;False;1e-05;12000;1;2;20;100;5000;-5;50;0.75;2;50;50;10;10;16;2.7866;1351;1351;2;1;30;line_consecutive;0.5;1351;11;21;4-11,11-14;4
lintim;SiouxFalls;SiouxFalls;bounds;True;False;1e-05;12000;1;2;20;100;5000;-5;50;0.75;2;50;50;10;10;16;2.7866;1352;1352;2;1;30;line_consecutive;0.5;1352;11;22;15-22,22-23;5
lintim;SiouxFalls;SiouxFalls;bounds;True;False;1e-05;12000;1;2;20;100;5000;-5;50;0.75;2;50;50;10;10;16;2.7866;1353;1353;2;1;30;line_consecutive;0.5;1353;11;23;3-4,4-5;3
lintim;SiouxFalls;SiouxFalls;bounds;True;False;1e-05;12000;1;2;20;100;5000;-5;50;0.75;2;50;50;10;10;16;2.7866;1354;1354;2;1;30;line_consecutive;0.5;1354;11;24;11-12,11-14;8
lintim;SiouxFalls;SiouxFalls;bounds;True;False;1e-05;12000;1;2;20;100;5000;-5;50;0.75;2;50;50;10;10;16;2.7866;1355;1355;2;1;30;line_consecutive;0.5;1355;11;25;9-10,10-11;7
lintim;SiouxFalls;SiouxFalls;bounds;True;False;1e-05;12000;1;2;20;100;5000;-5;50;0.75;2;50;50;10;10;16;2.7866;1356;1356;2;1;30;line_consecutive;0.5;1356;11;26;10-11,11-14;10
lintim;SiouxFalls;SiouxFalls;bounds;True;False;1e-05;12000;1;2;20;100;5000;-5;50;0.75;2;50;50;10;10;16;2.7866;1357;1357;2;1;30;line_consecutive;0.5;1357;11;27;16-17,17-19;2,13
lintim;SiouxFalls;SiouxFalls;bounds;True;False;1e-05;12000;1;2;20;100;5000;-5;50;0.75;2;50;50;10;10;16;2.7866;1358;1358;2;1;30;line_consecutive;0.5;1358;11;28;1-3,3-12;8,12
lintim;SiouxFalls;SiouxFalls;bounds;True;False;1e-05;12000;1;2;20;100;5000;-5;50;0.75;2;50;50;10;10;16;2.7866;1359;1359;2;1;30;line_consecutive;0.5;1359;11;29;3-4,4-11;4
lintim;SiouxFalls;SiouxFalls;bounds;True;False;1e-05;12000;1;2;20;1000;50;-5;50;0.75;2;50;50;10;10;16;2.7866;1360;1360;1;1;30;line_consecutive;0.5;1360;12;0;1-2;12
lintim;SiouxFalls;SiouxFalls;bounds;True;False;1e-05;12000;1;2;20;1000;50;-5;50;0.75;2;50;50;10;10;16;2.7866;1361;1361;1;1;30;line_consecutive;0.5;1361;12;1;14-15;14
lintim;SiouxFalls;SiouxFalls;bounds;True;False;1e-05;12000;1;2;20;1000;50;-5;50;0.75;2;50;50;10;10;16;2.7866;1362;1362;1;1;30;line_consecutive;0.5;1362;12;2;21-24;6
lintim;SiouxFalls;SiouxFalls;bounds;True;False;1e-05;12000;1;2;20;1000;50;-5;50;0.75;2;50;50;10;10;16;2.7866;1363;1363;1;1;30;line_consecutive;0.5;1363;12;3;16-17;2,13
lintim;SiouxFalls;SiouxFalls;bounds;True;False;1e-05;12000;1;2;20;1000;50;-5;50;0.75;2;50;50;10;10;16;2.7866;1364;1364;1;1;30;line_consecutive;0.5;1364;12;4;6-8;2
lintim;SiouxFalls;SiouxFalls;bounds;True;False;1e-05;12000;1;2;20;1000;50;-5;50;0.75;2;50;50;10;10;16;2.7866;1365;1365;1;1;30;line_consecutive;0.5;1365;12;5;23-24;4
lintim;SiouxFalls;SiouxFalls;bounds;True;False;1e-05;12000;1;2;20;1000;50;-5;50;0.75;2;50;50;10;10;16;2.7866;1366;1366;1;1;30;line_consecutive;0.5;1366;12;6;21-22;13
lintim;SiouxFalls;SiouxFalls;bounds;True;False;1e-05;12000;1;2;20;1000;50;-5;50;0.75;2;50;50;10;10;16;2.7866;1367;1367;1;1;30;line_consecutive;0.5;1367;12;7;8-9;3,7
lintim;SiouxFalls;SiouxFalls;bounds;True;False;1e-05;12000;1;2;20;1000;50;-5;50;0.75;2;50;50;10;10;16;2.7866;1368;1368;1;1;30;line_consecutive;0.5;1368;12;8;9-10;7,9
lintim;SiouxFalls;SiouxFalls;bounds;True;False;1e-05;12000;1;2;20;1000;50;-5;50;0.75;2;50;50;10;10;16;2.7866;1369;1369;1;1;30;line_consecutive;0.5;1369;12;9;7-8;3,7,11
lintim;SiouxFalls;SiouxFalls;bounds;True;False;1e-05;12000;1;2;20;1000;50;-5;50;0.75;2;50;50;10;10;16;2.7866;1370;1370;1;1;30;line_consecutive;0.5;1370;12;10;10-16;1,10
lintim;SiouxFalls;SiouxFalls;bounds;True;False;1e-05;12000;1;2;20;1000;50;-5;50;0.75;2;50;50;10;10;16;2.7866;1371;1371;1;1;30;line_consecutive;0.5;1371;12;11;17-19;2,13,14
lintim;SiouxFalls;SiouxFalls;bounds;True;False;1e-05;12000;1;2;20;1000;50;-5;50;0.75;2;50;50;10;10;16;2.7866;1372;1372;1;1;30;line_consecutive;0.5;1372;12;12;12-13;12
lintim;SiouxFalls;SiouxFalls;bounds;True;False;1e-05;12000;1;2;20;1000;50;-5;50;0.75;2;50;50;10;10;16;2.7866;1373;1373;1;1;30;line_consecutive;0.5;1373;12;13;11-14;4,8,10
lintim;SiouxFalls;SiouxFalls;bounds;True;False;1e-05;12000;1;2;20;1000;50;-5;50;0.75;2;50;50;10;10;16;2.7866;1374;1374;1;1;30;line_consecutive;0.5;1374;12;14;20-22;11
lintim;SiouxFalls;SiouxFalls;bounds;True;False;1e-05;12000;1;2;20;1000;50;-5;50;0.75;2;50;50;10;10;16;2.7866;1375;1375;1;1;30;line_consecutive;0.5;1375;12;15;2-6;2
lintim;SiouxFalls;SiouxFalls;bounds;True;False;1e-05;12000;1;2;20;1000;50;-5;50;0.75;2;50;50;10;10;16;2.7866;1376;1376;1;1;30;line_consecutive;0.5;1376;12;16;1-3;4,8,12
lintim;SiouxFalls;SiouxFalls;bounds;True;False;1e-05;12000;1;2;20;1000;50;-5;50;0.75;2;50;50;10;10;16;2.7866;1377;1377;1;1;30;line_consecutive;0.5;1377;12;17;7-18;3,11
lintim;SiouxFalls;SiouxFalls;bounds;True;False;1e-05;12000;1;2;20;1000;50;-5;50;0.75;2;50;50;10;10;16;2.7866;1378;1378;1;1;30;line_consecutive;0.5;1378;12;18;4-11;4
lintim;SiouxFalls;SiouxFalls;bounds;True;False;1e-05;12000;1;2;20;1000;50;-5;50;0.75;2;50;50;10;10;16;2.7866;1379;1379;1;1;30;line_consecutive;0.5;1379;12;19;10-17;14
lintim;SiouxFalls;SiouxFalls;bounds;True;False;1e-05;12000;1;2;20;1000;50;-5;50;0.75;2;50;50;10;10;16;2.7866;1380;1380;1;1;30;line_consecutive;0.5;1380;12;20;22-23;5
lintim;SiouxFalls;SiouxFalls;bounds;True;False;1e-05;12000;1;2;20;1000;50;-5;50;0.75;2;50;50;10;10;16;2.7866;1381;1381;1;1;30;line_consecutive;0.5;1381;12;21;19-20;2
lintim;SiouxFalls;SiouxFalls;bounds;True;False;1e-05;12000;1;2;20;1000;50;-5;50;0.75;2;50;50;10;10;16;2.7866;1382;1382;1;1;30;line_consecutive;0.5;1382;12;22;5-6;9
lintim;SiouxFalls;SiouxFalls;bounds;True;False;1e-05;12000;1;2;20;1000;50;-5;50;0.75;2;50;50;10;10;16;2.7866;1383;1383;1;1;30;line_consecutive;0.5;1383;12;23;11-12;1,7,8
lintim;SiouxFalls;SiouxFalls;bounds;True;False;1e-05;12000;1;2;20;1000;50;-5;50;0.75;2;50;50;10;10;16;2.7866;1384;1384;1;1;30;line_consecutive;0.5;1384;12;24;4-5;3
lintim;SiouxFalls;SiouxFalls;bounds;True;False;1e-05;12000;1;2;20;1000;50;-5;50;0.75;2;50;50;10;10;16;2.7866;1385;1385;1;1;30;line_consecutive;0.5;1385;12;25;8-16;2,10,13
lintim;SiouxFalls;SiouxFalls;bounds;True;False;1e-05;12000;1;2;20;1000;50;-5;50;0.75;2;50;50;10;10;16;2.7866;1386;1386;1;1;30;line_consecutive;0.5;1386;12;26;5-9;3,9
lintim;SiouxFalls;SiouxFalls;bounds;True;False;1e-05;12000;1;2;20;1000;50;-5;50;0.75;2;50;50;10;10;16;2.7866;1387;1387;1;1;30;line_consecutive;0.5;1387;12;27;10-15;5,9
lintim;SiouxFalls;SiouxFalls;bounds;True;False;1e-05;12000;1;2;20;1000;50;-5;50;0.75;2;50;50;10;10;16;2.7866;1388;1388;1;1;30;line_consecutive;0.5;1388;12;28;15-19;9,13,14
lintim;SiouxFalls;SiouxFalls;bounds;True;False;1e-05;12000;1;2;20;1000;50;-5;50;0.75;2;50;50;10;10;16;2.7866;1389;1389;1;1;30;line_consecutive;0.5;1389;12;29;14-23;4,10
lintim;SiouxFalls;SiouxFalls;bounds;True;False;1e-05;12000;1;2;20;1000;50;-5;50;0.75;2;50;50;10;10;16;2.7866;1390;1390;2;1;30;line_consecutive;0.5;1390;13;0;10-17,17-19;14
lintim;SiouxFalls;SiouxFalls;bounds;True;False;1e-05;12000;1;2;20;1000;50;-5;50;0.75;2;50;50;10;10;16;2.7866;1391;1391;2;1;30;line_consecutive;0.5;1391;13;1;1-3,3-4;4
lintim;SiouxFalls;SiouxFalls;bounds;True;False;1e-05;12000;1;2;20;1000;50;-5;50;0.75;2;50;50;10;10;16;2.7866;1392;1392;2;1;30;line_consecutive;0.5;1392;13;2;6-8,8-16;2
lintim;SiouxFalls;SiouxFalls;bounds;True;False;1e-05;12000;1;2;20;1000;50;-5;50;0.75;2;50;50;10;10;16;2.7866;1393;1393;2;1;30;line_consecutive;0.5;1393;13;3;1-2,1-3;12
lintim;SiouxFalls;SiouxFalls;bounds;True;False;1e-05;12000;1;2;20;1000;50;-5;50;0.75;2;50;50;10;10;16;2.7866;1394;1394;2;1;30;line_consecutive;0.5;1394;13;4;11-14,14-23;4,10
lintim;SiouxFalls;SiouxFalls;bounds;True;False;1e-05;12000;1;2;20;1000;50;-5;50;0.75;2;50;50;10;10;16;2.7866;1395;1395;2;1;30;line_consecutive;0.5;1395;13;5;7-8,7-18;3,11
lintim;SiouxFalls;SiouxFalls;bounds;True;False;1e-05;12000;1;2;20;1000;50;-5;50;0.75;2;50;50;10;10;16;2.7866;1396;1396;2;1;30;line_consecutive;0.5;1396;13;6;5-6,5-9;9
lintim;SiouxFalls;SiouxFalls;bounds;True;False;1e-05;12000;1;2;20;1000;50;-5;50;0.75;2;50;50;10;10;16;2.7866;1397;1397;2;1;30;line_consecutive;0.5;1397;13;7;10-16,16-18;1
lintim;SiouxFalls;SiouxFalls;bounds;True;False;1e-05;12000;1;2;20;1000;50;-5;50;0.75;2;50;50;10;10;16;2.7866;1398;1398;2;1;30;line_consecutive;0.5;1398;13;8;15-22,22-23;5
lintim;SiouxFalls;SiouxFalls;bounds;True;False;1e-05;12000;1;2;20;1000;50;-5;50;0.75;2;50;50;10;10;16;2.7866;1399;1399;2;1;30;line_consecutive;0.5;1399;13;9;8-16,16-17;2,13
lintim;SiouxFalls;SiouxFalls;bounds;True;False;1e-05;12000;1;2;20;1000;50;-5;50;0.75;2;50;50;10;10;16;2.7866;1400;1400;2;1;30;line_consecutive;0.5;1400;13;10;4-5,5-9;3
lintim;SiouxFalls;SiouxFalls;bounds;True;False;1e-05;12000;1;2;20;1000;50;-5;50;0.75;2;50;50;10;10;16;2.7866;1401;1401;2;1;30;line_consecutive;0.5;1401;13;11;14-15,15-19;14
lintim;SiouxFalls;SiouxFalls;bounds;True;False;1e-05;12000;1;2;20;1000;50;-5;50;0.75;2;50;50;10;10;16;2.7866;1402;1402;2;1;30;line_consecutive;0.5;1402;13;12;3-12,12-13;12
lintim;SiouxFalls;SiouxFalls;bounds;True;False;1e-05;12000;1;2;20;1000;50;-5;50;0.75;2;50;50;10;10;16;2.7866;1403;1403;2;1;30;line_consecutive;0.5;1403;13;13;4-11,11-14;4
lintim;SiouxFalls;SiouxFalls;bounds;True;False;1e-05;12000;1;2;20;1000;50;-5;50;0.75;2;50;50;10;10;16;2.7866;1404;1404;2;1;30;line_consecutive;0.5;1404;13;14;3-4,4-5;3
lintim;SiouxFalls;SiouxFalls;bounds;True;False;1e-05;12000;1;2;20;1000;50;-5;50;0.75;2;50;50;10;10;16;2.7866;1405;1405;2;1;30;line_consecutive;0.5;1405;13;15;15-19,17-19;13,14
lintim;SiouxFalls;SiouxFalls;bounds;True;False;1e-05;12000;1;2;20;1000;50;-5;50;0.75;2;50;50;10;10;16;2.7866;1406;1406;2;1;30;line_consecutive;0.5;1406;13;16;8-16,10-16;10
lintim;SiouxFalls;SiouxFalls;bounds;True;False;1e-05;12000;1;2;20;1000;50;-5;50;0.75;2;50;50;10;10;16;2.7866;1407;1407;2;1;30;line_consecutive;0.5;1407;13;17;16-17,17-19;2,13
lintim;SiouxFalls;SiouxFalls;bounds;True;False;1e-05;12000;1;2;20;1000;50;-5;50;0.75;2;50;50;10;10;16;2.7866;1408;1408;2;1;30;line_consecutive;0.5;1408;13;18;9-10,10-15;9
lintim;SiouxFalls;SiouxFalls;bounds;True;False;1e-05;12000;1;2;20;1000;50;-5;50;0.75;2;50;50;10;10;16;2.7866;1409;1409;2;1;30;line_consecutive;0.5;1409;13;19;3-4,4-11;4
lintim;SiouxFalls;SiouxFalls;bounds;True;False;1e-05;12000;1;2;20;1000;50;-5;50;0.75;2;50;50;10;10;16;2.7866;1410;1410;2;1;30;line_consecutive;0.5;1410;13;20;9-10,10-11;7
lintim;SiouxFalls;SiouxFalls;bounds;True;False;1e-05;12000;1;2;20;1000;50;-5;50;0.75;2;50;50;10;10;16;2.7866;1411;1411;2;1;30;line_consecutive;0.5;1411;13;21;5-9,9-10;9
lintim;SiouxFalls;SiouxFalls;bounds;True;False;1e-05;12000;1;2;20;1000;50;-5;50;0.75;2;50;50;10;10;16;2.7866;1412;1412;2;1;30;line_consecutive;0.5;1412;13;22;10-11,11-12;1,7
lintim;SiouxFalls;SiouxFalls;bounds;True;False;1e-05;12000;1;2;20;1000;50;-5;50;0.75;2;50;50;10;10;16;2.7866;1413;1413;2;1;30;line_consecutive;0.5;1413;13;23;18-20,20-22;11
lintim;SiouxFalls;SiouxFalls;bounds;True;False;1e-05;12000;1;2;20;1000;50;-5;50;0.75;2;50;50;10;10;16;2.7866;1414;1414;2;1;30;line_consecutive;0.5;1414;13;24;15-19,15-22;13
lintim;SiouxFalls;SiouxFalls;bounds;True;False;1e-05;12000;1;2;20;1000;50;-5;50;0.75;2;50;50;10;10;16;2.7866;1415;1415;2;1;30;line_consecutive;0.5;1415;13;25;3-12,11-12;8
lintim;SiouxFalls;SiouxFalls;bounds;True;False;1e-05;12000;1;2;20;1000;50;-5;50;0.75;2;50;50;10;10;16;2.7866;1416;1416;2;1;30;line_consecutive;0.5;1416;13;26;2-6,6-8;2
lintim;SiouxFalls;SiouxFalls;bounds;True;False;1e-05;12000;1;2;20;1000;50;-5;50;0.75;2;50;50;10;10;16;2.7866;1417;1417;2;1;30;line_consecutive;0.5;1417;13;27;10-11,10-16;1,10
lintim;SiouxFalls;SiouxFalls;bounds;True;False;1e-05;12000;1;2;20;1000;50;-5;50;0.75;2;50;50;10;10;16;2.7866;1418;1418;2;1;30;line_consecutive;0.5;1418;13;28;15-22,21-22;13
lintim;SiouxFalls;SiouxFalls;bounds;True;False;1e-05;12000;1;2;20;1000;50;-5;50;0.75;2;50;50;10;10;16;2.7866;1419;1419;2;1;30;line_consecutive;0.5;1419;13;29;11-12,11-14;8
lintim;SiouxFalls;SiouxFalls;bounds;True;False;1e-05;12000;1;2;20;1000;500;-5;50;0.75;2;50;50;10;10;16;2.7866;1420;1420;1;1;30;line_consecutive;0.5;1420;14;0;6-8;2
lintim;SiouxFalls;SiouxFalls;bounds;True;False;1e-05;12000;1;2;20;1000;500;-5;50;0.75;2;50;50;10;10;16;2.7866;1421;1421;1;1;30;line_consecutive;0.5;1421;14;1;22-23;5
lintim;SiouxFalls;SiouxFalls;bounds;True;False;1e-05;12000;1;2;20;1000;500;-5;50;0.75;2;50;50;10;10;16;2.7866;1422;1422;1;1;30;line_consecutive;0.5;1422;14;2;10-17;14
lintim;SiouxFalls;SiouxFalls;bounds;True;False;1e-05;12000;1;2;20;1000;500;-5;50;0.75;2;50;50;10;10;16;2.7866;1423;1423;1;1;30;line_consecutive;0.5;1423;14;3;14-15;14
lintim;SiouxFalls;SiouxFalls;bounds;True;False;1e-05;12000;1;2;20;1000;500;-5;50;0.75;2;50;50;10;10;16;2.7866;1424;1424;1;1;30;line_consecutive;0.5;1424;14;4;1-3;4,8,12
lintim;SiouxFalls;SiouxFalls;bounds;True;False;1e-05;12000;1;2;20;1000;500;-5;50;0.75;2;50;50;10;10;16;2.7866;1425;1425;1;1;30;line_consecutive;0.5;1425;14;5;11-14;4,8,10
lintim;SiouxFalls;SiouxFalls;bounds;True;False;1e-05;12000;1;2;20;1000;500;-5;50;0.75;2;50;50;10;10;16;2.7866;1426;1426;1;1;30;line_consecutive;0.5;1426;14;6;21-24;6
lintim;SiouxFalls;SiouxFalls;bounds;True;False;1e-05;12000;1;2;20;1000;500;-5;50;0.75;2;50;50;10;10;16;2.7866;1427;1427;1;1;30;line_consecutive;0.5;1427;14;7;2-6;2
lintim;SiouxFalls;SiouxFalls;bounds;True;False;1e-05;12000;1;2;20;1000;500;-5;50;0.75;2;50;50;10;10;16;2.7866;1428;1428;1;1;30;line_consecutive;0.5;1428;14;8;12-13;12
lintim;SiouxFalls;SiouxFalls;bounds;True;False;1e-05;12000;1;2;20;1000;500;-5;50;0.75;2;50;50;10;10;16;2.7866;1429;1429;1;1;30;line_consecutive;0.5;1429;14;9;8-9;3,7
lintim;SiouxFalls;SiouxFalls;bounds;True;False;1e-05;12000;1;2;20;1000;500;-5;50;0.75;2;50;50;10;10;16;2.7866;1430;1430;1;1;30;line_consecutive;0.5;1430;14;10;13-24;6
lintim;SiouxFalls;SiouxFalls;bounds;True;False;1e-05;12000;1;2;20;1000;500;-5;50;0.75;2;50;50;10;10;16;2.7866;1431;1431;1;1;30;line_consecutive;0.5;1431;14;11;20-21;6
lintim;SiouxFalls;SiouxFalls;bounds;True;False;1e-05;12000;1;2;20;1000;500;-5;50;0.75;2;50;50;10;10;16;2.7866;1432;1432;1;1;30;line_consecutive;0.5;1432;14;12;3-12;8,12
lintim;SiouxFalls;SiouxFalls;bounds;True;False;1e-05;12000;1;2;20;1000;500;-5;50;0.75;2;50;50;10;10;16;2.7866;1433;1433;1;1;30;line_consecutive;0.5;1433;14;13;10-11;1,7,10
lintim;SiouxFalls;SiouxFalls;bounds;True;False;1e-05;12000;1;2;20;1000;500;-5;50;0.75;2;50;50;10;10;16;2.7866;1434;1434;1;1;30;line_consecutive;0.5;1434;14;14;7-18;3,11
lintim;SiouxFalls;SiouxFalls;bounds;True;False;1e-05;12000;1;2;20;1000;500;-5;50;0.75;2;50;50;10;10;16;2.7866;1435;1435;1;1;30;line_consecutive;0.5;1435;14;15;17-19;2,13,14
lintim;SiouxFalls;SiouxFalls;bounds;True;False;1e-05;12000;1;2;20;1000;500;-5;50;0.75;2;50;50;10;10;16;2.7866;1436;1436;1;1;30;line_consecutive;0.5;1436;14;16;10-16;1,10
lintim;SiouxFalls;SiouxFalls;bounds;True;False;1e-05;12000;1;2;20;1000;500;-5;50;0.75;2;50;50;10;10;16;2.7866;1437;1437;1;1;30;line_consecutive;0.5;1437;14;17;8-16;2,10,13
lintim;SiouxFalls;SiouxFalls;bounds;True;False;1e-05;12000;1;2;20;1000;500;-5;50;0.75;2;50;50;10;10;16;2.7866;1438;1438;1;1;30;line_consecutive;0.5;1438;14;18;20-22;11
lintim;SiouxFalls;SiouxFalls;bounds;True;False;1e-05;12000;1;2;20;1000;500;-5;50;0.75;2;50;50;10;10;16;2.7866;1439;1439;1;1;30;line_consecutive;0.5;1439;14;19;4-5;3
lintim;SiouxFalls;SiouxFalls;bounds;True;False;1e-05;12000;1;2;20;1000;500;-5;50;0.75;2;50;50;10;10;16;2.7866;1440;1440;1;1;30;line_consecutive;0.5;1440;14;20;11-12;1,7,8
lintim;SiouxFalls;SiouxFalls;bounds;True;False;1e-05;12000;1;2;20;1000;500;-5;50;0.75;2;50;50;10;10;16;2.7866;1441;1441;1;1;30;line_consecutive;0.5;1441;14;21;21-22;13
lintim;SiouxFalls;SiouxFalls;bounds;True;False;1e-05;12000;1;2;20;1000;500;-5;50;0.75;2;50;50;10;10;16;2.7866;1442;1442;1;1;30;line_consecutive;0.5;1442;14;22;5-6;9
lintim;SiouxFalls;SiouxFalls;bounds;True;False;1e-05;12000;1;2;20;1000;500;-5;50;0.75;2;50;50;10;10;16;2.7866;1443;1443;1;1;30;line_consecutive;0.5;1443;14;23;16-18;1
lintim;SiouxFalls;SiouxFalls;bounds;True;False;1e-05;12000;1;2;20;1000;500;-5;50;0.75;2;50;50;10;10;16;2.7866;1444;1444;1;1;30;line_consecutive;0.5;1444;14;24;14-23;4,10
lintim;SiouxFalls;SiouxFalls;bounds;True;False;1e-05;12000;1;2;20;1000;500;-5;50;0.75;2;50;50;10;10;16;2.7866;1445;1445;1;1;30;line_consecutive;0.5;1445;14;25;18-20;11
lintim;SiouxFalls;SiouxFalls;bounds;True;False;1e-05;12000;1;2;20;1000;500;-5;50;0.75;2;50;50;10;10;16;2.7866;1446;1446;1;1;30;line_consecutive;0.5;1446;14;26;9-10;7,9
lintim;SiouxFalls;SiouxFalls;bounds;True;False;1e-05;12000;1;2;20;1000;500;-5;50;0.75;2;50;50;10;10;16;2.7866;1447;1447;1;1;30;line_consecutive;0.5;1447;14;27;23-24;4
lintim;SiouxFalls;SiouxFalls;bounds;True;False;1e-05;12000;1;2;20;1000;500;-5;50;0.75;2;50;50;10;10;16;2.7866;1448;1448;1;1;30;line_consecutive;0.5;1448;14;28;7-8;3,7,11
lintim;SiouxFalls;SiouxFalls;bounds;True;False;1e-05;12000;1;2;20;1000;500;-5;50;0.75;2;50;50;10;10;16;2.7866;1449;1449;1;1;30;line_consecutive;0.5;1449;14;29;19-20;2
lintim;SiouxFalls;SiouxFalls;bounds;True;False;1e-05;12000;1;2;20;1000;500;-5;50;0.75;2;50;50;10;10;16;2.7866;1450;1450;2;1;30;line_consecutive;0.5;1450;15;0;3-12,11-12;8
lintim;SiouxFalls;SiouxFalls;bounds;True;False;1e-05;12000;1;2;20;1000;500;-5;50;0.75;2;50;50;10;10;16;2.7866;1451;1451;2;1;30;line_consecutive;0.5;1451;15;1;4-11,11-14;4
lintim;SiouxFalls;SiouxFalls;bounds;True;False;1e-05;12000;1;2;20;1000;500;-5;50;0.75;2;50;50;10;10;16;2.7866;1452;1452;2;1;30;line_consecutive;0.5;1452;15;2;20-21,21-24;6
lintim;SiouxFalls;SiouxFalls;bounds;True;False;1e-05;12000;1;2;20;1000;500;-5;50;0.75;2;50;50;10;10;16;2.7866;1453;1453;2;1;30;line_consecutive;0.5;1453;15;3;8-16,16-17;2,13
lintim;SiouxFalls;SiouxFalls;bounds;True;False;1e-05;12000;1;2;20;1000;500;-5;50;0.75;2;50;50;10;10;16;2.7866;1454;1454;2;1;30;line_consecutive;0.5;1454;15;4;13-24,21-24;6
lintim;SiouxFalls;SiouxFalls;bounds;True;False;1e-05;12000;1;2;20;1000;500;-5;50;0.75;2;50;50;10;10;16;2.7866;1455;1455;2;1;30;line_consecutive;0.5;1455;15;5;10-11,11-14;10
lintim;SiouxFalls;SiouxFalls;bounds;True;False;1e-05;12000;1;2;20;1000;500;-5;50;0.75;2;50;50;10;10;16;2.7866;1456;1456;2;1;30;line_consecutive;0.5;1456;15;6;6-8,8-16;2
lintim;SiouxFalls;SiouxFalls;bounds;True;False;1e-05;12000;1;2;20;1000;500;-5;50;0.75;2;50;50;10;10;16;2.7866;1457;1457;2;1;30;line_consecutive;0.5;1457;15;7;4-5,5-9;3
lintim;SiouxFalls;SiouxFalls;bounds;True;False;1e-05;12000;1;2;20;1000;500;-5;50;0.75;2;50;50;10;10;16;2.7866;1458;1458;2;1;30;line_consecutive;0.5;1458;15;8;7-8,7-18;3,11
lintim;SiouxFalls;SiouxFalls;bounds;True;False;1e-05;12000;1;2;20;1000;500;-5;50;0.75;2;50;50;10;10;16;2.7866;1459;1459;2;1;30;line_consecutive;0.5;1459;15;9;18-20,20-22;11
lintim;SiouxFalls;SiouxFalls;bounds;True;False;1e-05;12000;1;2;20;1000;500;-5;50;0.75;2;50;50;10;10;16;2.7866;1460;1460;2;1;30;line_consecutive;0.5;1460;15;10;5-6,5-9;9
lintim;SiouxFalls;SiouxFalls;bounds;True;False;1e-05;12000;1;2;20;1000;500;-5;50;0.75;2;50;50;10;10;16;2.7866;1461;1461;2;1;30;line_consecutive;0.5;1461;15;11;8-9,9-10;7
lintim;SiouxFalls;SiouxFalls;bounds;True;False;1e-05;12000;1;2;20;1000;500;-5;50;0.75;2;50;50;10;10;16;2.7866;1462;1462;2;1;30;line_consecutive;0.5;1462;15;12;10-16,16-18;1
lintim;SiouxFalls;SiouxFalls;bounds;True;False;1e-05;12000;1;2;20;1000;500;-5;50;0.75;2;50;50;10;10;16;2.7866;1463;1463;2;1;30;line_consecutive;0.5;1463;15;13;1-3,3-4;4
lintim;SiouxFalls;SiouxFalls;bounds;True;False;1e-05;12000;1;2;20;1000;500;-5;50;0.75;2;50;50;10;10;16;2.7866;1464;1464;2;1;30;line_consecutive;0.5;1464;15;14;7-18,18-20;11
lintim;SiouxFalls;SiouxFalls;bounds;True;False;1e-05;12000;1;2;20;1000;500;-5;50;0.75;2;50;50;10;10;16;2.7866;1465;1465;2;1;30;line_consecutive;0.5;1465;15;15;1-2,1-3;12
lintim;SiouxFalls;SiouxFalls;bounds;True;False;1e-05;12000;1;2;20;1000;500;-5;50;0.75;2;50;50;10;10;16;2.7866;1466;1466;2;1;30;line_consecutive;0.5;1466;15;16;11-12,11-14;8
lintim;SiouxFalls;SiouxFalls;bounds;True;False;1e-05;12000;1;2;20;1000;500;-5;50;0.75;2;50;50;10;10;16;2.7866;1467;1467;2;1;30;line_consecutive;0.5;1467;15;17;15-19,17-19;13,14
lintim;SiouxFalls;SiouxFalls;bounds;True;False;1e-05;12000;1;2;20;1000;500;-5;50;0.75;2;50;50;10;10;16;2.7866;1468;1468;2;1;30;line_consecutive;0.5;1468;15;18;3-4,4-5;3
lintim;SiouxFalls;SiouxFalls;bounds;True;False;1e-05;12000;1;2;20;1000;500;-5;50;0.75;2;50;50;10;10;16;2.7866;1469;1469;2;1;30;line_consecutive;0.5;1469;15;19;15-22,22-23;5
lintim;SiouxFalls;SiouxFalls;bounds;True;False;1e-05;12000;1;2;20;1000;500;-5;50;0.75;2;50;50;10;10;16;2.7866;1470;1470;2;1;30;line_consecutive;0.5;1470;15;20;7-8,8-9;3,7
lintim;SiouxFalls;SiouxFalls;bounds;True;False;1e-05;12000;1;2;20;1000;500;-5;50;0.75;2;50;50;10;10;16;2.7866;1471;1471;2;1;30;line_consecutive;0.5;1471;15;21;10-15,15-19;9
lintim;SiouxFalls;SiouxFalls;bounds;True;False;1e-05;12000;1;2;20;1000;500;-5;50;0.75;2;50;50;10;10;16;2.7866;1472;1472;2;1;30;line_consecutive;0.5;1472;15;22;14-15,15-19;14
lintim;SiouxFalls;SiouxFalls;bounds;True;False;1e-05;12000;1;2;20;1000;500;-5;50;0.75;2;50;50;10;10;16;2.7866;1473;1473;2;1;30;line_consecutive;0.5;1473;15;23;5-9,9-10;9
lintim;SiouxFalls;SiouxFalls;bounds;True;False;1e-05;12000;1;2;20;1000;500;-5;50;0.75;2;50;50;10;10;16;2.7866;1474;1474;2;1;30;line_consecutive;0.5;1474;15;24;8-16,10-16;10
lintim;SiouxFalls;SiouxFalls;bounds;True;False;1e-05;12000;1;2;20;1000;500;-5;50;0.75;2;50;50;10;10;16;2.7866;1475;1475;2;1;30;line_consecutive;0.5;1475;15;25;10-11,10-16;1,10
lintim;SiouxFalls;SiouxFalls;bounds;True;False;1e-05;12000;1;2;20;1000;500;-5;50;0.75;2;50;50;10;10;16;2.7866;1476;1476;2;1;30;line_consecutive;0.5;1476;15;26;2-6,6-8;2
lintim;SiouxFalls;SiouxFalls;bounds;True;False;1e-05;12000;1;2;20;1000;500;-5;50;0.75;2;50;50;10;10;16;2.7866;1477;1477;2;1;30;line_consecutive;0.5;1477;15;27;10-11,11-12;1,7
lintim;SiouxFalls;SiouxFalls;bounds;True;False;1e-05;12000;1;2;20;1000;500;-5;50;0.75;2;50;50;10;10;16;2.7866;1478;1478;2;1;30;line_consecutive;0.5;1478;15;28;15-22,21-22;13
lintim;SiouxFalls;SiouxFalls;bounds;True;False;1e-05;12000;1;2;20;1000;500;-5;50;0.75;2;50;50;10;10;16;2.7866;1479;1479;2;1;30;line_consecutive;0.5;1479;15;29;3-4,4-11;4
lintim;SiouxFalls;SiouxFalls;bounds;True;False;1e-05;12000;1;2;20;1000;5000;-5;50;0.75;2;50;50;10;10;16;2.7866;1480;1480;1;1;30;line_consecutive;0.5;1480;16;0;17-19;2,13,14
lintim;SiouxFalls;SiouxFalls;bounds;True;False;1e-05;12000;1;2;20;1000;5000;-5;50;0.75;2;50;50;10;10;16;2.7866;1481;1481;1;1;30;line_consecutive;0.5;1481;16;1;7-18;3,11
lintim;SiouxFalls;SiouxFalls;bounds;True;False;1e-05;12000;1;2;20;1000;5000;-5;50;0.75;2;50;50;10;10;16;2.7866;1482;1482;1;1;30;line_consecutive;0.5;1482;16;2;4-11;4
lintim;SiouxFalls;SiouxFalls;bounds;True;False;1e-05;12000;1;2;20;1000;5000;-5;50;0.75;2;50;50;10;10;16;2.7866;1483;1483;1;1;30;line_consecutive;0.5;1483;16;3;19-20;2
lintim;SiouxFalls;SiouxFalls;bounds;True;False;1e-05;12000;1;2;20;1000;5000;-5;50;0.75;2;50;50;10;10;16;2.7866;1484;1484;1;1;30;line_consecutive;0.5;1484;16;4;8-9;3,7
lintim;SiouxFalls;SiouxFalls;bounds;True;False;1e-05;12000;1;2;20;1000;5000;-5;50;0.75;2;50;50;10;10;16;2.7866;1485;1485;1;1;30;line_consecutive;0.5;1485;16;5;22-23;5
lintim;SiouxFalls;SiouxFalls;bounds;True;False;1e-05;12000;1;2;20;1000;5000;-5;50;0.75;2;50;50;10;10;16;2.7866;1486;1486;1;1;30;line_consecutive;0.5;1486;16;6;1-2;12
lintim;SiouxFalls;SiouxFalls;bounds;True;False;1e-05;12000;1;2;20;1000;5000;-5;50;0.75;2;50;50;10;10;16;2.7866;1487;1487;1;1;30;line_consecutive;0.5;1487;16;7;10-17;14
lintim;SiouxFalls;SiouxFalls;bounds;True;False;1e-05;12000;1;2;20;1000;5000;-5;50;0.75;2;50;50;10;10;16;2.7866;1488;1488;1;1;30;line_consecutive;0.5;1488;16;8;3-4;3,4
lintim;SiouxFalls;SiouxFalls;bounds;True;False;1e-05;12000;1;2;20;1000;5000;-5;50;0.75;2;50;50;10;10;16;2.7866;1489;1489;1;1;30;line_consecutive;0.5;1489;16;9;20-21;6
lintim;SiouxFalls;SiouxFalls;bounds;True;False;1e-05;12000;1;2;20;1000;5000;-5;50;0.75;2;50;50;10;10;16;2.7866;1490;1490;1;1;30;line_consecutive;0.5;1490;16;10;16-18;1
lintim;SiouxFalls;SiouxFalls;bounds;True;False;1e-05;12000;1;2;20;1000;5000;-5;50;0.75;2;50;50;10;10;16;2.7866;1491;1491;1;1;30;line_consecutive;0.5;1491;16;11;23-24;4
lintim;SiouxFalls;SiouxFalls;bounds;True;False;1e-05;12000;1;2;20;1000;5000;-5;50;0.75;2;50;50;10;10;16;2.7866;1492;1492;1;1;30;line_consecutive;0.5;1492;16;12;10-15;5,9
lintim;SiouxFalls;SiouxFalls;bounds;True;False;1e-05;12000;1;2;20;1000;5000;-5;50;0.75;2;50;50;10;10;16;2.7866;1493;1493;1;1;30;line_consecutive;0.5;1493;16;13;5-9;3,9
lintim;SiouxFalls;SiouxFalls;bounds;True;False;1e-05;12000;1;2;20;1000;5000;-5;50;0.75;2;50;50;10;10;16;2.7866;1494;1494;1;1;30;line_consecutive;0.5;1494;16;14;11-14;4,8,10
lintim;SiouxFalls;SiouxFalls;bounds;True;False;1e-05;12000;1;2;20;1000;5000;-5;50;0.75;2;50;50;10;10;16;2.7866;1495;1495;1;1;30;line_consecutive;0.5;1495;16;15;21-22;13
lintim;SiouxFalls;SiouxFalls;bounds;True;False;1e-05;12000;1;2;20;1000;5000;-5;50;0.75;2;50;50;10;10;16;2.7866;1496;1496;1;1;30;line_consecutive;0.5;1496;16;16;8-16;2,10,13
lintim;SiouxFalls;SiouxFalls;bounds;True;False;1e-05;12000;1;2;20;1000;5000;-5;50;0.75;2;50;50;10;10;16;2.7866;1497;1497;1;1;30;line_consecutive;0.5;1497;16;17;14-15;14
lintim;SiouxFalls;SiouxFalls;bounds;True;False;1e-05;12000;1;2;20;1000;5000;-5;50;0.75;2;50;50;10;10;16;2.7866;1498;1498;1;1;30;line_consecutive;0.5;1498;16;18;2-6;2
lintim;SiouxFalls;SiouxFalls;bounds;True;False;1e-05;12000;1;2;20;1000;5000;-5;50;0.75;2;50;50;10;10;16;2.7866;1499;1499;1;1;30;line_consecutive;0.5;1499;16;19;15-19;9,13,14
lintim;SiouxFalls;SiouxFalls;bounds;True;False;1e-05;12000;1;2;20;1000;5000;-5;50;0.75;2;50;50;10;10;16;2.7866;1500;1500;1;1;30;line_consecutive;0.5;1500;16;20;10-16;1,10
lintim;SiouxFalls;SiouxFalls;bounds;True;False;1e-05;12000;1;2;20;1000;5000;-5;50;0.75;2;50;50;10;10;16;2.7866;1501;1501;1;1;30;line_consecutive;0.5;1501;16;21;3-12;8,12
lintim;SiouxFalls;SiouxFalls;bounds;True;False;1e-05;12000;1;2;20;1000;5000;-5;50;0.75;2;50;50;10;10;16;2.7866;1502;1502;1;1;30;line_consecutive;0.5;1502;16;22;13-24;6
lintim;SiouxFalls;SiouxFalls;bounds;True;False;1e-05;12000;1;2;20;1000;5000;-5;50;0.75;2;50;50;10;10;16;2.7866;1503;1503;1;1;30;line_consecutive;0.5;1503;16;23;10-11;1,7,10
lintim;SiouxFalls;SiouxFalls;bounds;True;False;1e-05;12000;1;2;20;1000;5000;-5;50;0.75;2;50;50;10;10;16;2.7866;1504;1504;1;1;30;line_consecutive;0.5;1504;16;24;12-13;12
lintim;SiouxFalls;SiouxFalls;bounds;True;False;1e-05;12000;1;2;20;1000;5000;-5;50;0.75;2;50;50;10;10;16;2.7866;1505;1505;1;1;30;line_consecutive;0.5;1505;16;25;4-5;3
lintim;SiouxFalls;SiouxFalls;bounds;True;False;1e-05;12000;1;2;20;1000;5000;-5;50;0.75;2;50;50;10;10;16;2.7866;1506;1506;1;1;30;line_consecutive;0.5;1506;16;26;15-22;5,13
lintim;SiouxFalls;SiouxFalls;bounds;True;False;1e-05;12000;1;2;20;1000;5000;-5;50;0.75;2;50;50;10;10;16;2.7866;1507;1507;1;1;30;line_consecutive;0.5;1507;16;27;7-8;3,7,11
lintim;SiouxFalls;SiouxFalls;bounds;True;False;1e-05;12000;1;2;20;1000;5000;-5;50;0.75;2;50;50;10;10;16;2.7866;1508;1508;1;1;30;line_consecutive;0.5;1508;16;28;18-20;11
lintim;SiouxFalls;SiouxFalls;bounds;True;False;1e-05;12000;1;2;20;1000;5000;-5;50;0.75;2;50;50;10;10;16;2.7866;1509;1509;1;1;30;line_consecutive;0.5;1509;16;29;5-6;9
lintim;SiouxFalls;SiouxFalls;bounds;True;False;1e-05;12000;1;2;20;1000;5000;-5;50;0.75;2;50;50;10;10;16;2.7866;1510;1510;2;1;30;line_consecutive;0.5;1510;17;0;10-11,11-14;10
lintim;SiouxFalls;SiouxFalls;bounds;True;False;1e-05;12000;1;2;20;1000;5000;-5;50;0.75;2;50;50;10;10;16;2.7866;1511;1511;2;1;30;line_consecutive;0.5;1511;17;1;10-15,15-22;5
lintim;SiouxFalls;SiouxFalls;bounds;True;False;1e-05;12000;1;2;20;1000;5000;-5;50;0.75;2;50;50;10;10;16;2.7866;1512;1512;2;1;30;line_consecutive;0.5;1512;17;2;7-8,8-9;3,7
lintim;SiouxFalls;SiouxFalls;bounds;True;False;1e-05;12000;1;2;20;1000;5000;-5;50;0.75;2;50;50;10;10;16;2.7866;1513;1513;2;1;30;line_consecutive;0.5;1513;17;3;15-19,15-22;13
lintim;SiouxFalls;SiouxFalls;bounds;True;False;1e-05;12000;1;2;20;1000;5000;-5;50;0.75;2;50;50;10;10;16;2.7866;1514;1514;2;1;30;line_consecutive;0.5;1514;17;4;5-9,9-10;9
lintim;SiouxFalls;SiouxFalls;bounds;True;False;1e-05;12000;1;2;20;1000;5000;-5;50;0.75;2;50;50;10;10;16;2.7866;1515;1515;2;1;30;line_consecutive;0.5;1515;17;5;9-10,10-15;9
lintim;SiouxFalls;SiouxFalls;bounds;True;False;1e-05;12000;1;2;20;1000;5000;-5;50;0.75;2;50;50;10;10;16;2.7866;1516;1516;2;1;30;line_consecutive;0.5;1516;17;6;10-11,10-16;1,10
lintim;SiouxFalls;SiouxFalls;bounds;True;False;1e-05;12000;1;2;20;1000;5000;-5;50;0.75;2;50;50;10;10;16;2.7866;1517;1517;2;1;30;line_consecutive;0.5;1517;17;7;18-20,20-22;11
lintim;SiouxFalls;SiouxFalls;bounds;True;False;1e-05;12000;1;2;20;1000;5000;-5;50;0.75;2;50;50;10;10;16;2.7866;1518;1518;2;1;30;line_consecutive;0.5;1518;17;8;4-11,11-14;4
lintim;SiouxFalls;SiouxFalls;bounds;True;False;1e-05;12000;1;2;20;1000;5000;-5;50;0.75;2;50;50;10;10;16;2.7866;1519;1519;2;1;30;line_consecutive;0.5;1519;17;9;10-15,15-19;9
lintim;SiouxFalls;SiouxFalls;bounds;True;False;1e-05;12000;1;2;20;1000;5000;-5;50;0.75;2;50;50;10;10;16;2.7866;1520;1520;2;1;30;line_consecutive;0.5;1520;17;10;17-19,19-20;2
lintim;SiouxFalls;SiouxFalls;bounds;True;False;1e-05;12000;1;2;20;1000;5000;-5;50;0.75;2;50;50;10;10;16;2.7866;1521;1521;2;1;30;line_consecutive;0.5;1521;17;11;15-22,21-22;13
lintim;SiouxFalls;SiouxFalls;bounds;True;False;1e-05;12000;1;2;20;1000;5000;-5;50;0.75;2;50;50;10;10;16;2.7866;1522;1522;2;1;30;line_consecutive;0.5;1522;17;12;1-3,3-12;8,12
lintim;SiouxFalls;SiouxFalls;bounds;True;False;1e-05;12000;1;2;20;1000;5000;-5;50;0.75;2;50;50;10;10;16;2.7866;1523;1523;2;1;30;line_consecutive;0.5;1523;17;13;8-9,9-10;7
lintim;SiouxFalls;SiouxFalls;bounds;True;False;1e-05;12000;1;2;20;1000;5000;-5;50;0.75;2;50;50;10;10;16;2.7866;1524;1524;2;1;30;line_consecutive;0.5;1524;17;14;2-6,6-8;2
lintim;SiouxFalls;SiouxFalls;bounds;True;False;1e-05;12000;1;2;20;1000;5000;-5;50;0.75;2;50;50;10;10;16;2.7866;1525;1525;2;1;30;line_consecutive;0.5;1525;17;15;13-24,21-24;6
lintim;SiouxFalls;SiouxFalls;bounds;True;False;1e-05;12000;1;2;20;1000;5000;-5;50;0.75;2;50;50;10;10;16;2.7866;1526;1526;2;1;30;line_consecutive;0.5;1526;17;16;14-23,23-24;4
lintim;SiouxFalls;SiouxFalls;bounds;True;False;1e-05;12000;1;2;20;1000;5000;-5;50;0.75;2;50;50;10;10;16;2.7866;1527;1527;2;1;30;line_consecutive;0.5;1527;17;17;7-8,7-18;3,11
lintim;SiouxFalls;SiouxFalls;bounds;True;False;1e-05;12000;1;2;20;1000;5000;-5;50;0.75;2;50;50;10;10;16;2.7866;1528;1528;2;1;30;line_consecutive;0.5;1528;17;18;6-8,8-16;2
lintim;SiouxFalls;SiouxFalls;bounds;True;False;1e-05;12000;1;2;20;1000;5000;-5;50;0.75;2;50;50;10;10;16;2.7866;1529;1529;2;1;30;line_consecutive;0.5;1529;17;19;15-19,17-19;13,14
lintim;SiouxFalls;SiouxFalls;bounds;True;False;1e-05;12000;1;2;20;1000;5000;-5;50;0.75;2;50;50;10;10;16;2.7866;1530;1530;2;1;30;line_consecutive;0.5;1530;17;20;20-21,21-24;6
lintim;SiouxFalls;SiouxFalls;bounds;True;False;1e-05;12000;1;2;20;1000;5000;-5;50;0.75;2;50;50;10;10;16;2.7866;1531;1531;2;1;30;line_consecutive;0.5;1531;17;21;9-10,10-11;7
lintim;SiouxFalls;SiouxFalls;bounds;True;False;1e-05;12000;1;2;20;1000;5000;-5;50;0.75;2;50;50;10;10;16;2.7866;1532;1532;2;1;30;line_consecutive;0.5;1532;17;22;8-16,16-17;2,13
lintim;SiouxFalls;SiouxFalls;bounds;True;False;1e-05;12000;1;2;20;1000;5000;-5;50;0.75;2;50;50;10;10;16;2.7866;1533;1533;2;1;30;line_consecutive;0.5;1533;17;23;10-11,11-12;1,7
lintim;SiouxFalls;SiouxFalls;bounds;True;False;1e-05;12000;1;2;20;1000;5000;-5;50;0.75;2;50;50;10;10;16;2.7866;1534;1534;2;1;30;line_consecutive;0.5;1534;17;24;15-22,22-23;5
lintim;SiouxFalls;SiouxFalls;bounds;True;False;1e-05;12000;1;2;20;1000;5000;-5;50;0.75;2;50;50;10;10;16;2.7866;1535;1535;2;1;30;line_consecutive;0.5;1535;17;25;4-5,5-9;3
lintim;SiouxFalls;SiouxFalls;bounds;True;False;1e-05;12000;1;2;20;1000;5000;-5;50;0.75;2;50;50;10;10;16;2.7866;1536;1536;2;1;30;line_consecutive;0.5;1536;17;26;11-14,14-23;4,10
lintim;SiouxFalls;SiouxFalls;bounds;True;False;1e-05;12000;1;2;20;1000;5000;-5;50;0.75;2;50;50;10;10;16;2.7866;1537;1537;2;1;30;line_consecutive;0.5;1537;17;27;5-9,8-9;3
lintim;SiouxFalls;SiouxFalls;bounds;True;False;1e-05;12000;1;2;20;1000;5000;-5;50;0.75;2;50;50;10;10;16;2.7866;1538;1538;2;1;30;line_consecutive;0.5;1538;17;28;3-12,12-13;12
lintim;SiouxFalls;SiouxFalls;bounds;True;False;1e-05;12000;1;2;20;1000;5000;-5;50;0.75;2;50;50;10;10;16;2.7866;1539;1539;2;1;30;line_consecutive;0.5;1539;17;29;3-12,11-12;8
